Feature	Gain	Cover	Frequency
mcaja_ahorro	0.0867708894455903	0.00507101378568067	0.00221053433950758
ctrx_quarter	0.0728691487826996	0.0115084553175446	0.00510709657748304
ctarjeta_visa_transacciones	0.0407061032580768	0.00325199951932891	0.00251543562771553
g1_cant_cuentas_visa_y_master	0.0288439141982263	0.00148934270849459	0.000457351932311914
g1_transacciones_totales_tc	0.0278026400248396	0.00457782123268265	0.00289656223797546
cdescubierto_preacordado	0.0238958222851361	0.0120757261305839	0.00754630688314658
mtarjeta_visa_consumo	0.0219721513775941	0.00634925602733069	0.00510709657748304
g1_numero_mes_lag_3	0.0215842144116456	0.023557984953896	0.0119673755621618
g1_acreditaciones_sobre_edad	0.0206243193100183	0.00268275876568447	0.00114337983077979
g1_consumo_total_tc	0.019958891235438	0.00651443069974303	0.00510709657748304
g1_visa_limite_compra_sobre_sueldo	0.0186755387536028	0.00559644228916707	0.00243921030566354
g2_g1_consumo_total_tc_sobre_g1_monto_total_acreditaciones	0.0175761658194593	0.00596238550763036	0.00297278756002744
g1_visa_abierta	0.0175098740250399	0.00744197350385352	0.00602180044210687
g2_g1_monto_total_prestamos_sobre_g1_monto_total_acreditaciones	0.0158254283694065	0.00711036553153971	0.00396371674670325
g2_g1_consumo_total_tc_sobre_mcuentas_saldo	0.0156235097845418	0.00181806156496711	0.0021343090174556
foto_mes	0.0147099853012623	0.0183556819327943	0.0113575729857459
mcuentas_saldo	0.0136255667649099	0.00831703363705182	0.00571689915389893
g1_monto_prom_trx_tarjeta_debito	0.0135124908419675	0.0014218364117	0.00182940772924766
g1_mtotal_caja_ahorro	0.0134127780400842	0.00318666683449112	0.00243921030566354
g1_numero_mes	0.012601474178746	0.0102111339035899	0.00929948929034225
g2_g2_tarjetas_madelantosdolares_sobre_g1_transacciones_totales_tc	0.010928803876517	0.00473582298563756	0.00541199786569098
g2_mpasivos_margen_sobre_g2_limite_compra_tarjetas_credito_lag_1	0.0105447508546721	0.00213865340367466	0.00327768884823538
mcuenta_corriente	0.00997422614321017	0.010131448395223	0.00777498284930254
asg2_g1_m_activos_pasivos_margen_absoluto_sobre_mcuentas_saldo_lag2	0.00997176980023613	0.00376632248614656	0.00594557512005488
g2_g1_m_activos_pasivos_margen_absoluto_sobre_g1_consumo_total_tc	0.0098352772229383	0.00224912988553247	0.00350636481439134
g1_mtotal_cta_corriente	0.00962977242975656	0.0102191670481393	0.00777498284930254
mpayroll	0.00892129349177287	0.00228458406688593	0.000686027898467871
g1_master_abierta	0.00869989159037156	0.00532689624652675	0.0058693497980029
cdescubierto_preacordado_delta_lag1	0.00867089475571276	0.0089311142173038	0.0016007317630917
g2_mcuentas_saldo_sobre_g1_transacciones_totales_tc	0.00833194148776344	0.000831571410372637	0.00182940772924766
mautoservicio	0.00828643937753673	0.00648329720076899	0.00343013949233936
g1_numero_mes_lag_1	0.00807803151182596	0.0105137775187334	0.00762253220519857
g1_visa_en_proceso_cierre	0.0078121537295419	0.00564571203752102	0.0010671545087278
g2_ctrx_quarter_sobre_g1_mtotal_caja_ahorro	0.00780741082116941	0.00138997930668893	0.0026678862718195
Visa_Finiciomora	0.00763543644509616	0.0124799263164098	0.00243921030566354
g1_m_activos_pasivos_margen_absoluto	0.00748006238426027	0.0080231152020383	0.00777498284930254
g2_g1_m_activos_pasivos_margen_absoluto_sobre_g2_limite_compra_tarjetas_credito_lag_1	0.0072810036135538	0.00432477648091695	0.00525954722158701
g2_ctrx_quarter_sobre_mcuentas_saldo	0.00689710997988988	0.00355956589060074	0.00663160301852275
g2_g1_m_activos_pasivos_margen_absoluto_sobre_g1_monto_total_acreditaciones	0.00684346852188188	0.00246638575322951	0.0016007317630917
g2_ctrx_quarter_sobre_g1_monto_total_acreditaciones	0.00642026028444679	0.00368088137624723	0.00129583047488376
mprestamos_personales	0.00638506743808734	0.0095109112375518	0.00487842061132708
asg1_m_activos_pasivos_margen_absoluto_lag2	0.00632132430026063	0.00926869682865311	0.00960439057855019
g2_g1_monto_total_prestamos_sobre_g1_monto_total_acreditaciones_lag_1	0.00628257820728061	0.00130641929310132	0.000686027898467871
g2_ctrx_quarter_sobre_g1_monto_total_prestamos	0.00583869927923305	0.00334870178310262	0.00274411159387148
g2_mcuentas_saldo_sobre_mrentabilidad_annual	0.00550426686406976	0.00176881751999362	0.00327768884823538
g1_master_limite_compra_sobre_sueldo	0.00522798862855648	0.00352593301726095	0.00182940772924766
g2_g1_mtotal_caja_ahorro_sobre_g1_monto_total_prestamos	0.0049040786398766	0.00569614933399418	0.00419239271285921
ctarjeta_debito_transacciones	0.00445822665296174	0.00161438211107838	0.000838478542571843
g1_monto_pago_servicios_totales	0.00445067790993709	0.00743599048328092	0.00343013949233936
g2_g1_mtotal_caja_ahorro_sobre_g2_limite_compra_tarjetas_credito	0.00432789174158455	0.00148701040610187	0.00190563305129964
g2_g1_m_activos_pasivos_margen_absoluto_sobre_g1_transacciones_totales_tc	0.00426434961793836	0.000915609730344573	0.00137205579693574
cmobile_app_trx_lag_1	0.00421861429461449	0.00484023654293565	0.0085372360698224
g1_monto_total_prestamos	0.00416927236844006	0.0131900794276141	0.005335772543639
g1_visa_abierta_delta_lag1	0.00403259464199977	0.00336432943842596	0.000609802576415885
g2_g1_monto_total_prestamos_sobre_g1_monto_total_acreditaciones_delta_lag1	0.00388420986614203	0.00167134527234421	0.000381126610259928
g2_mpasivos_margen_sobre_g1_monto_total_acreditaciones	0.00385162694512617	0.00077453812357967	0.000686027898467871
g1_monto_total_debitado_tc	0.00374029626809566	0.00426500466656607	0.0042686180349112
g2_g2_tarjetas_madelantosdolares_sobre_mrentabilidad_annual_lag_1	0.00354871891145739	0.0035094705608416	0.00381126610259928
g1_monto_total_acreditaciones_lag_1	0.00350445416372592	0.000183763245411542	0.000304901288207943
ccaja_seguridad	0.00349219227713829	0.0140667865328542	0.00251543562771553
tcallcenter	0.00346240908694027	0.0136130165396459	0.00617425108621084
g2_mcuentas_saldo_sobre_g1_monto_total_acreditaciones	0.00343478964535941	0.000716342876358896	0.000686027898467871
g1_visa_limite_compra_sobre_sueldo_lag_1	0.00338574094621764	0.00109245094364279	0.000381126610259928
asg2_g1_mtotal_caja_ahorro_sobre_g1_m_activos_pasivos_margen_absoluto_lag3	0.00322849893865442	0.00200678975357714	0.00411616739080723
g2_mcuentas_saldo_sobre_g2_limite_compra_tarjetas_credito	0.00321349440984319	0.00232515936741267	0.00304901288207943
g2_g1_m_activos_pasivos_margen_absoluto_sobre_g1_monto_total_acreditaciones_delta_lag1	0.00314456086636045	0.00368698537033877	0.0010671545087278
g2_ctrx_quarter_sobre_g1_transacciones_totales_tc	0.00304862702435846	0.00138409351194678	0.00221053433950758
g2_g1_monto_total_prestamos_sobre_mrentabilidad_annual	0.00296194922085695	0.00260201019902761	0.00251543562771553
g1_numero_mes_lag_2	0.00295727696794875	0.00373075571281127	0.00495464593337907
ctrx_quarter_delta_lag1	0.00295071451232035	0.0105291523310206	0.00525954722158701
g2_g1_mtotal_caja_ahorro_sobre_g1_monto_total_acreditaciones	0.00286651845528749	0.00249600750229375	0.00152450644103971
asg1_monto_total_acreditaciones_lag3	0.00281183385098858	0.00253447205239201	0.00297278756002744
mcuenta_debitos_automaticos	0.00273228509524335	0.0120557420316562	0.00464974464517113
mpasivos_margen	0.00272990465302354	0.00196748593222975	0.00251543562771553
g2_mpasivos_margen_sobre_g1_monto_total_prestamos	0.00263312766419794	0.00142831198727001	0.00152450644103971
thomebanking	0.0025849316687469	0.00863844966024171	0.0129583047488376
g2_g1_consumo_total_tc_sobre_g2_limite_compra_tarjetas_credito	0.00253367232209043	0.00255226102675106	0.00434484335696318
g1_mtotal_caja_ahorro_lag_3	0.00249914616651472	0.000957226855933903	0.00221053433950758
Visa_Finiciomora_lag_1	0.00247159542630139	0.00651345760328474	0.00144828111898773
mrentabilidad_annual	0.00226097945037438	0.00902836156037413	0.00647915237441878
g2_g1_consumo_total_tc_sobre_g1_monto_total_prestamos	0.00224771539286045	0.00260116673700993	0.00198185837335163
asg2_g1_mtotal_caja_ahorro_sobre_g1_m_activos_pasivos_margen_absoluto_lag2	0.00223002518835604	0.00545816843948898	0.00922326396829027
g1_visa_limite_compra_sobre_sueldo_delta_lag1	0.00221530848863686	0.00371552031342461	0.00137205579693574
Visa_delinquency	0.00218882619954651	0.00261555504237949	0.00129583047488376
g2_g1_m_activos_pasivos_margen_absoluto_sobre_g2_limite_compra_tarjetas_credito	0.00212204923693871	0.00343550042262895	0.005335772543639
g1_c_cuentas	0.00211569259862223	0.00937785768856944	0.00167695708514369
g2_mcuentas_saldo_sobre_g1_monto_total_prestamos	0.00211370704414015	0.00132562055646315	0.00167695708514369
g2_ctrx_quarter_sobre_g1_consumo_total_tc	0.00208557433218762	0.00268967353379897	0.00304901288207943
g1_mtotal_cta_corriente_delta_lag1	0.00208241358287958	0.00969644661929265	0.00343013949233936
mcuentas_saldo_delta_lag1	0.002048466521563	0.00747950798271731	0.00449729400106715
g2_g1_monto_total_acreditaciones_sobre_g1_transacciones_totales_tc	0.00199543399857399	0.00234103092546587	0.00388749142465127
internet_lag_1	0.00197878831271365	0.0132142540157115	0.00236298498361156
g1_monto_total_acreditaciones	0.00197714085031864	0.00124616107021357	0.000762253220519857
g2_g1_mtotal_caja_ahorro_sobre_mrentabilidad_annual	0.00194504644255365	0.000661015232367505	0.00129583047488376
mactivos_margen	0.00194144163566636	0.00825720063748004	0.00609802576415885
g2_g1_consumo_total_tc_sobre_g1_monto_total_prestamos_lag_1	0.0018663487804679	0.00440103254368365	0.00251543562771553
g1_visa_consumo_total	0.0018526082753541	0.00122210829378879	0.0016007317630917
g2_mrentabilidad_annual_sobre_g2_limite_compra_tarjetas_credito_lag_1	0.00171389280425061	0.0024810305336346	0.00403994206875524
cliente_edad_lag_1	0.00163673842375277	0.00969650221682213	0.00632670173031481
g2_g1_consumo_total_tc_sobre_g2_limite_compra_tarjetas_credito_lag_1	0.00160372998702633	0.00129889071708591	0.00304901288207943
g1_master_en_proceso_cierre	0.00157660618397829	0.00245914522270606	0.000457351932311914
g2_ctrx_quarter_sobre_g1_monto_total_acreditaciones_delta_lag1	0.00156366023708785	0.0024820863279257	0.00114337983077979
g2_mpasivos_margen_sobre_mrentabilidad_annual	0.00147435439356151	0.0015993875411913	0.00312523820413141
g2_mpasivos_margen_sobre_mcuentas_saldo_lag_1	0.00146297510192021	0.00118311738316011	0.00190563305129964
Master_Finiciomora	0.00145902001461981	0.00511519510285606	0.000914703864623828
ccaja_seguridad_lag_1	0.00144579066899166	0.00278796745146958	0.0005335772543639
cmobile_app_trx	0.0013987818092483	0.00458121715213444	0.00678405366262672
mpagomiscuentas	0.00138184436032323	0.00276454971617305	0.00182940772924766
g2_ctrx_quarter_sobre_mpasivos_margen_lag_1	0.00136772265876548	0.00172728420977538	0.00327768884823538
g2_g1_mtotal_caja_ahorro_sobre_g1_m_activos_pasivos_margen_absoluto	0.00135224378602588	0.00276502327301968	0.005335772543639
asmautoservicio_lag3	0.00134969669954307	0.00189495127193921	0.0037350407805473
Visa_mpagosdolares	0.00132225690604511	0.00126850652752937	0.0026678862718195
mrentabilidad	0.00127255176502661	0.00274975742071485	0.0026678862718195
g2_mcuentas_saldo_sobre_g2_limite_compra_tarjetas_credito_lag_1	0.00124515100843523	0.00163737434367438	0.00259166094976751
g2_g1_mtotal_caja_ahorro_sobre_g1_monto_total_prestamos_lag_1	0.00123838254479116	0.00319607371297254	0.00221053433950758
ctarjeta_visa_delta_lag1	0.00121787392537488	0.000852532517142677	0.000152450644103971
g1_monto_total_comisiones	0.00121119209815729	0.00413153986349625	0.00571689915389893
g1_mtotal_caja_ahorro_lag_1	0.00119845520573586	0.000627616203913044	0.00144828111898773
cliente_edad	0.00118641692108951	0.00586740564973244	0.00388749142465127
g2_mpasivos_margen_sobre_g2_limite_compra_tarjetas_credito	0.00115642859289714	0.000751215379037029	0.00152450644103971
g1_dinero_prom_por_inversion	0.0011534344977154	0.00941925996742423	0.00198185837335163
Visa_mpagosdolares_lag_1	0.00113906241864527	0.000766727369148272	0.00175318240719567
mpasivos_margen_lag_1	0.00113761476040687	0.000805956036046255	0.00144828111898773
g2_ctrx_quarter_sobre_g1_m_activos_pasivos_margen_absoluto	0.00112689104267128	0.00407890660430067	0.00731763091699062
chomebanking_transacciones	0.00109740891866108	0.0078800174983697	0.00541199786569098
asg2_g1_m_activos_pasivos_margen_absoluto_sobre_mcuentas_saldo_lag3	0.00108192386637151	0.00196057367857639	0.0042686180349112
g2_mpasivos_margen_sobre_mrentabilidad_annual_lag_1	0.00102914204198054	0.00263433164119449	0.0037350407805473
g2_g1_mtotal_caja_ahorro_sobre_g1_m_activos_pasivos_margen_absoluto_lag_1	0.00102405956586239	0.00189142460050853	0.0042686180349112
g1_montos_transferencias_totales_absolutas	0.000994790249694385	0.00186608581690673	0.0026678862718195
mcomisiones	0.000976384864489504	0.00254765146072596	0.00464974464517113
mrentabilidad_annual_lag_1	0.000961478205019017	0.0022698588237246	0.0032014635261834
g2_g1_monto_total_prestamos_sobre_g1_transacciones_totales_tc	0.000960896982780301	0.000794416615139864	0.0021343090174556
g2_ctrx_quarter_sobre_g1_monto_total_prestamos_lag_1	0.000949998242122249	0.00236830277090946	0.00114337983077979
ctarjeta_visa	0.0009351928266871	0.00234335987524375	0.0010671545087278
g2_g1_transacciones_totales_tc_sobre_mrentabilidad_annual_lag_1	0.000919893774709551	0.00201116770979348	0.00381126610259928
cproductos	0.000915474874368255	0.00295021417358536	0.000609802576415885
g2_g1_mtotal_caja_ahorro_sobre_g1_consumo_total_tc_lag_3	0.000893368627977083	0.00168573972417432	0.0032014635261834
Master_Finiciomora_lag_1	0.000892698680594777	0.00213133129285669	0.000381126610259928
g2_g1_transacciones_totales_tc_sobre_g2_limite_compra_tarjetas_credito	0.000878661995778923	0.00336636419625133	0.00518332189953503
asg1_consumo_total_tc_lag3	0.000875081284013876	0.00157513584295247	0.00358259013644333
asg1_transacciones_totales_tc_lag3	0.000874771529392578	0.00177260234276724	0.00327768884823538
g2_limite_compra_tarjetas_credito	0.000856484616498955	0.00381398968460536	0.00434484335696318
mcomisiones_mantenimiento	0.000847295939747897	0.0044113868152429	0.00304901288207943
ctrx_quarter_lag_3	0.000845174944755847	0.00120476382028106	0.00198185837335163
g2_mpasivos_margen_sobre_g1_consumo_total_tc_lag_1	0.00082164956526753	0.00157078498703946	0.0026678862718195
ccaja_ahorro	0.000809315487004485	0.00462491373708039	0.000838478542571843
cliente_antiguedad	0.000790507692263257	0.00434711635054133	0.00579312447595091
g2_mpasivos_margen_sobre_g1_monto_total_prestamos_lag_1	0.00078140012081882	0.00248748264090071	0.00167695708514369
g2_g1_m_activos_pasivos_margen_absoluto_sobre_mcuentas_saldo_delta_lag1	0.000773777150969349	0.0010712674467548	0.00152450644103971
g2_g1_m_activos_pasivos_margen_absoluto_sobre_g1_monto_total_prestamos_lag_1	0.00076689910434012	0.00247657546727687	0.00167695708514369
g1_cantidad_total_acreditaciones_lag_1	0.000763520412480343	0.000120900878944193	7.62253220519857e-05
g2_g1_m_activos_pasivos_margen_absoluto_sobre_g1_monto_total_prestamos	0.00076300995823725	0.00255534207979214	0.00190563305129964
g2_g1_transacciones_totales_tc_sobre_mrentabilidad_annual	0.000748149049550396	0.00100669217348705	0.00198185837335163
g2_g1_monto_total_prestamos_sobre_mrentabilidad_annual_lag_1	0.000745771669747962	0.00198172364931594	0.0026678862718195
g2_mcuentas_saldo_sobre_mrentabilidad_annual_lag_1	0.000731302110685678	0.00117478753219713	0.00259166094976751
g2_g1_monto_total_prestamos_sobre_g2_limite_compra_tarjetas_credito_lag_1	0.000727363279109921	0.000945410006149221	0.00182940772924766
ccajas_transacciones	0.000721128577907067	0.00586844775417959	0.00419239271285921
g2_g1_mtotal_caja_ahorro_sobre_mpasivos_margen_lag_1	0.000717981183282517	0.0011191838562503	0.00282033691592347
g2_g2_tarjetas_madelantosdolares_sobre_g1_transacciones_totales_tc_lag_3	0.000716917943764674	0.00261496218832135	0.00442106867901517
mcomisiones_lag_1	0.000701956263100529	0.000885614723494437	0.0016007317630917
g1_numero_mes_delta_lag1	0.000696712918397069	0.00500779017496395	0.0010671545087278
mcomisiones_otras	0.00068627075085092	0.00242583839115979	0.00396371674670325
g2_ctrx_quarter_sobre_g1_consumo_total_tc_delta_lag1	0.000673282318151929	0.00295518610139812	0.00388749142465127
g1_monto_prom_trx_tarjeta_debito_lag_1	0.000648438249164667	0.000990664718843634	0.00129583047488376
g1_montos_transferencias_totales_netas	0.000645982666954321	0.00241261651637116	0.0032014635261834
Visa_madelantopesos_lag_1	0.000639263314400866	0.00078918793290702	0.0021343090174556
g2_g1_mtotal_caja_ahorro_sobre_g1_consumo_total_tc_lag_1	0.000639028305488239	0.00233344395807527	0.00365881545849531
g2_ctrx_quarter_sobre_g1_mtotal_caja_ahorro_lag_1	0.000634778769530245	0.00204600193678548	0.00335391417028737
g2_g1_monto_total_prestamos_sobre_g2_limite_compra_tarjetas_credito	0.000634127024030756	0.00166901995456574	0.00228675966155957
internet	0.000631543529196079	0.00698211404455138	0.00137205579693574
g2_mpasivos_margen_sobre_g1_m_activos_pasivos_margen_absoluto_lag_1	0.000610715122408593	0.00234510351434688	0.0037350407805473
mcomisiones_mantenimiento_lag_1	0.000610059105322438	0.00417979209324523	0.0026678862718195
Visa_madelantodolares	0.000606028254457789	0.00109348662224483	0.00236298498361156
g2_g1_mtotal_caja_ahorro_sobre_mpasivos_margen	0.000601923524859542	0.00253656715728456	0.0037350407805473
g2_g1_monto_total_acreditaciones_sobre_mrentabilidad_annual_lag_1	0.000587605586475007	0.000769378449335686	0.00129583047488376
mtarjeta_visa_consumo_delta_lag1	0.000585630524424363	0.00272474132629173	0.00129583047488376
mplazo_fijo_dolares	0.000581907781137573	0.00277362049501642	0.000762253220519857
g1_m_activos_pasivos_margen_neto	0.000574801424952574	0.00374396361837139	0.00381126610259928
g1_transacciones_totales_tc_delta_lag1	0.000573094958832431	0.00386708253141906	0.00167695708514369
g2_g1_m_activos_pasivos_margen_absoluto_sobre_mrentabilidad_annual_lag_1	0.000547453858734824	0.00200526096120856	0.00442106867901517
mtarjeta_visa_consumo_lag_3	0.000546270618682115	0.00102377542242156	0.00236298498361156
g2_mrentabilidad_annual_sobre_g2_limite_compra_tarjetas_credito	0.000544689030656325	0.00253482295941229	0.0037350407805473
g2_g1_mtotal_caja_ahorro_sobre_mcuentas_saldo	0.000543948630336965	0.00424606127516261	0.00442106867901517
g2_mpasivos_margen_sobre_g1_m_activos_pasivos_margen_absoluto	0.000542126453904167	0.00185094261442826	0.00297278756002744
g1_cons_prom_visa	0.000528212261453308	0.00282615652838155	0.00625047640826283
asg1_monto_total_acreditaciones_lag2	0.000510094998099295	0.00129623321105337	0.00144828111898773
ccomisiones_otras_lag_1	0.000505121901312539	0.00148056695975743	0.00350636481439134
g1_m_activos_pasivos_margen_absoluto_lag_1	0.000497970995559129	0.00133137420230355	0.00236298498361156
g2_g1_consumo_total_tc_sobre_mrentabilidad_annual	0.000472414463176644	0.00150261599004416	0.00282033691592347
asg2_ctrx_quarter_sobre_g1_mtotal_caja_ahorro_lag3	0.000469009548743096	0.00289659412808754	0.00442106867901517
asg1_visa_limite_compra_sobre_sueldo_lag2	0.000465973846631506	0.00279525072783229	0.00182940772924766
g2_g1_m_activos_pasivos_margen_absoluto_sobre_mcuentas_saldo	0.00046550354706796	0.00251887848198624	0.00419239271285921
g2_g1_consumo_total_tc_sobre_mrentabilidad_annual_lag_1	0.00045860128566625	0.000787811125744667	0.00205808369540361
asg1_visa_limite_compra_sobre_sueldo_lag3	0.000453920899266116	0.00276852060907048	0.00182940772924766
Master_mpagosdolares	0.000437753264716192	0.000985710951027949	0.00243921030566354
g1_monto_total_plazos_fijos	0.000435660763746235	0.00388906255371692	0.000990929186675814
g1_mtotal_caja_ahorro_delta_lag1	0.000431899383859817	0.00107743067037524	0.0021343090174556
g1_consumo_total_tc_delta_lag1	0.000429046101089161	0.0010965545442111	0.0021343090174556
asg1_mtotal_cta_corriente_lag3	0.000427288356775828	0.00248418925558622	0.00312523820413141
mautoservicio_lag_1	0.000422422734265358	0.00135521883722348	0.00205808369540361
mttarjeta_visa_debitos_automaticos_lag_1	0.00041609094523274	0.00292499245211851	0.00221053433950758
g2_g2_tarjetas_madelantosdolares_sobre_mrentabilidad_annual	0.000415875199989614	0.00021916406431208	0.000381126610259928
g2_g1_m_activos_pasivos_margen_absoluto_sobre_mrentabilidad_annual	0.000409840024705482	0.00145885095587849	0.00228675966155957
g2_ctrx_quarter_sobre_mcuentas_saldo_lag_1	0.000402208434152417	0.00173770972440005	0.0037350407805473
g1_mcomisiones_rentabilidad_lag_1	0.000401608569956366	0.000618059016532809	0.0005335772543639
ctrx_quarter_lag_2	0.000392470776698109	0.00140654066524615	0.00228675966155957
Visa_status	0.000392153831597174	0.00152189017277883	0.000838478542571843
g2_g2_tarjetas_madelantosdolares_sobre_g1_transacciones_totales_tc_lag_2	0.000391056754266559	0.000837819846287013	0.00205808369540361
g2_g1_mtotal_caja_ahorro_sobre_g1_consumo_total_tc_lag_2	0.00039077404901483	0.00203341901450908	0.00365881545849531
Master_mpagospesos	0.00038187935513659	0.00112420858774684	0.000838478542571843
g2_ctrx_quarter_sobre_g2_limite_compra_tarjetas_credito_lag_1	0.000379849383975708	0.00157392694591686	0.00335391417028737
g2_g1_mtotal_caja_ahorro_sobre_g1_consumo_total_tc	0.000366767664806668	0.00192158248856314	0.00304901288207943
tmobile_app	0.000365837176547721	0.0030908013275054	0.00167695708514369
g1_cantidad_comisiones_totales_lag_1	0.000363068218845267	0.00206778359603844	0.00419239271285921
Master_status	0.000353397374051919	0.00137569157976466	0.00144828111898773
Visa_fultimo_cierre	0.000349870965119939	0.000645844650201148	0.00114337983077979
mtransferencias_recibidas	0.000347797931071767	0.00286767223737186	0.00236298498361156
g2_g1_consumo_total_tc_sobre_g1_monto_total_acreditaciones_delta_lag1	0.000343501738606165	0.000918281764374758	0.000457351932311914
g1_monto_debitos_en_tc	0.000342097248541891	0.000897232651465079	0.00190563305129964
g2_g1_mtotal_caja_ahorro_sobre_g1_transacciones_totales_tc	0.000335575646972293	0.00185614671081892	0.00297278756002744
g2_g1_mtotal_caja_ahorro_sobre_mcuentas_saldo_lag_1	0.000331019724174424	0.00139923475873326	0.00297278756002744
g1_cantidad_debitos_en_tc_lag_1	0.000328787683093153	0.00263923735486409	0.00228675966155957
asctarjeta_visa_lag3	0.000327092175329051	0.000694316196837797	0.000457351932311914
g2_ctrx_quarter_sobre_mpasivos_margen	0.000326016439397464	0.00110519367389339	0.00243921030566354
Visa_madelantodolares_lag_1	0.000324067793418675	0.000627566194074963	0.00190563305129964
Visa_mconsumosdolares	0.000312021359372267	0.00145012437882571	0.00335391417028737
g1_dinero_prom_por_plazo_fijo	0.000310829823355828	0.00243450266545341	0.000457351932311914
g2_ctrx_quarter_sobre_g1_m_activos_pasivos_margen_absoluto_lag_1	0.000310334127284517	0.00174266991806085	0.00396371674670325
g2_g1_mtotal_caja_ahorro_sobre_g2_limite_compra_tarjetas_credito_lag_1	0.000309387918005274	0.0013163642662651	0.00274411159387148
g2_g1_monto_total_acreditaciones_sobre_g2_limite_compra_tarjetas_credito	0.000306442622259112	0.00113752573267394	0.00190563305129964
Master_fultimo_cierre	0.000304450323970496	0.000766324496597925	0.00175318240719567
mcaja_ahorro_lag_1	0.000298979240400386	0.000896222396858936	0.00182940772924766
Visa_mpagominimo	0.000293197467446359	0.00200286775297951	0.00312523820413141
g2_mpasivos_margen_sobre_mcuentas_saldo	0.000290670985379423	0.00165828041168407	0.0032014635261834
g2_ctrx_quarter_sobre_g1_mtotal_caja_ahorro_delta_lag1	0.000282252783602652	0.000835753518005201	0.00167695708514369
Master_delinquency	0.000274624416979027	0.0014749320523594	0.000838478542571843
g2_ctrx_quarter_sobre_g2_limite_compra_tarjetas_credito	0.000272370907014018	0.000818215989759407	0.00175318240719567
asg1_mtotal_cta_corriente_lag2	0.000270724963521848	0.00100382373210396	0.00167695708514369
g2_ctrx_quarter_sobre_mrentabilidad_annual	0.000270066128687246	0.00170404779506495	0.00259166094976751
g2_mpasivos_margen_sobre_g1_consumo_total_tc	0.000267625827091114	0.00116173608199637	0.00198185837335163
Visa_fultimo_cierre_lag_1	0.000267083843024619	0.00109616703781212	0.00251543562771553
numero_de_cliente	0.00026333560222261	0.00154166473327888	0.00274411159387148
Master_cadelantosefectivo_lag_1	0.000260045112352925	0.000812635562352577	0.00190563305129964
g2_g1_monto_total_acreditaciones_sobre_mrentabilidad_annual	0.000259662982757491	0.000510163768719852	0.000990929186675814
g2_g1_consumo_total_tc_sobre_g1_transacciones_totales_tc	0.000259401470064104	0.00105751557943634	0.0021343090174556
g2_ctrx_quarter_sobre_g1_consumo_total_tc_lag_1	0.000257329117797274	0.000738714316439724	0.00198185837335163
asg2_g1_m_activos_pasivos_margen_absoluto_sobre_g1_monto_total_acreditaciones_lag2	0.00025229774785071	0.00186750509052377	0.00144828111898773
g2_mcuentas_saldo_sobre_g1_monto_total_acreditaciones_delta_lag1	0.000251191202971762	0.000493162658849001	0.000381126610259928
g2_g2_tarjetas_madelantosdolares_sobre_g1_transacciones_totales_tcdelta_lag1	0.000247461526183369	0.000748219258905316	0.000304901288207943
Visa_mpagospesos	0.00024408684398197	0.000972207456592469	0.00205808369540361
g2_g1_monto_total_prestamos_sobre_g1_monto_total_acreditaciones_lag_3	0.000241002531386851	0.00106400791808057	0.00129583047488376
g2_g1_transacciones_totales_tc_sobre_g2_limite_compra_tarjetas_credito_lag_1	0.00024047997710188	0.00151323567694518	0.00297278756002744
Master_madelantodolares	0.000231696784988906	0.000763706383789804	0.00152450644103971
asg2_ctrx_quarter_sobre_g1_monto_total_acreditaciones_lag3	0.000228546052822002	0.00227998008855224	0.000914703864623828
asmcuentas_saldo_lag3	0.000227925704106494	0.00112043494035603	0.0021343090174556
g1_master_limite_compra_sobre_sueldo_lag_1	0.000227324959825324	0.000244406180852563	0.000457351932311914
g2_ctrx_quarter_sobre_mrentabilidad_annual_lag_1	0.000227081827991894	0.00149504802080433	0.00282033691592347
mtransferencias_emitidas	0.000226007738204176	0.00274564460045572	0.00175318240719567
Master_mconsumosdolares	0.000225394762275824	0.00145401620588975	0.00358259013644333
g1_monto_debitos_en_tc_lag_1	0.000224622979835242	0.00141060654889748	0.00228675966155957
Master_mpagominimo	0.000223178936662018	0.00171881550468096	0.00297278756002744
Visa_mconsumosdolares_lag_1	0.0002229234875318	0.00130873203857412	0.00388749142465127
Master_cadelantosefectivo	0.000222338451822679	0.00074793652172019	0.00198185837335163
g1_monto_debitado_promedio_cuenta	0.000221717027976579	0.00185922692570629	0.00182940772924766
g2_g1_mtotal_caja_ahorro_sobre_g1_m_activos_pasivos_margen_absoluto_delta_lag1	0.000219768822949157	0.00147679191544377	0.00221053433950758
Master_cconsumos	0.000216338426807647	0.000446312101489132	0.000990929186675814
Master_mconsumosdolares_lag_1	0.000210382811981345	0.0010409271205758	0.00274411159387148
g2_mpasivos_margen_sobre_g1_transacciones_totales_tc_lag_1	0.000209776160887312	0.000668544087767487	0.00167695708514369
g2_g1_m_activos_pasivos_margen_absoluto_sobre_g1_transacciones_totales_tc_lag_1	0.000208970650196935	0.000770919534625366	0.00190563305129964
g2_g1_m_activos_pasivos_margen_absoluto_sobre_g1_consumo_total_tc_lag_1	0.000205507510791595	0.00136990720162153	0.00228675966155957
Master_msaldototal	0.000205226579272309	0.00108632348124734	0.00251543562771553
g1_consumo_promedio_tc	0.000205101836851919	0.00107112607816224	0.00205808369540361
Visa_msaldopesos	0.000204370522915072	0.00120871068610544	0.00243921030566354
mcomisiones_otras_lag_1	0.000204082243444039	0.000769147677680633	0.0016007317630917
g2_g1_mtotal_caja_ahorro_sobre_mrentabilidad_annual_lag_1	0.000201549746156497	0.00101929493206794	0.00282033691592347
cdescubierto_preacordado_lag_1	0.000201492967950955	0.000682666698410714	0.000381126610259928
g1_comision_promedio_lag_1	0.000201264958105894	0.00157300749129606	0.00312523820413141
Visa_msaldototal	0.000198713346848409	0.00133834736179324	0.00274411159387148
asg1_m_activos_pasivos_margen_absoluto_lag3	0.000191575397117627	0.000992888340638515	0.00228675966155957
Visa_mpagominimo_lag_1	0.000191388106691041	0.00153644191812201	0.00282033691592347
g2_g1_monto_total_acreditaciones_sobre_g1_transacciones_totales_tc_lag_1	0.000186821242614722	0.000581906932522781	0.00198185837335163
Master_madelantopesos_lag_1	0.000184632787845882	0.00118214903623951	0.00297278756002744
chomebanking_transacciones_lag_1	0.00017819904542826	0.00140485932890219	0.00182940772924766
g2_g1_mtotal_caja_ahorro_sobre_g1_monto_total_acreditaciones_lag_1	0.000178131180427221	0.00129451974548383	0.000914703864623828
Master_msaldopesos	0.000174062112979783	0.00125126291185151	0.00167695708514369
ctarjeta_master	0.000173426746475173	0.000905785451315147	0.000609802576415885
Visa_mpagado_lag_1	0.00017159895067232	0.000873161715043221	0.000914703864623828
g2_mcuentas_saldo_sobre_g1_monto_total_prestamos_lag_1	0.000170803147306883	0.000866294721690239	0.000609802576415885
g2_mcuentas_saldo_sobre_g1_transacciones_totales_tc_lag_1	0.000169032028977756	0.000990224688145439	0.00190563305129964
g1_deuda_promedio_prestamo	0.000168114872240694	0.000865020448665179	0.000838478542571843
asg2_mcuentas_saldo_sobre_g1_monto_total_acreditaciones_lag3	0.000167751361652711	0.00067225152101514	0.0005335772543639
Visa_madelantopesos	0.000163259083865509	0.000877044043031871	0.00175318240719567
Visa_delinquency_lag_1	0.000162461753639674	0.000831171052283422	0.000381126610259928
g1_porcentaje_saldo_caja_ahorro	0.000162460749645153	0.00100167330906649	0.000609802576415885
Visa_mlimitecompra_lag_1	0.000159306868276747	0.000844281173243944	0.00236298498361156
Visa_fechaalta	0.00015840228862457	0.00102749011966804	0.00221053433950758
tmobile_app_lag_1	0.000158400615423207	0.00109852504358531	0.000990929186675814
asmcuentas_saldo_lag2	0.000158093132154107	0.00113189669235188	0.00243921030566354
Master_madelantopesos	0.000155514909832643	0.00095818123362599	0.00251543562771553
asg2_g1_m_activos_pasivos_margen_absoluto_sobre_g1_monto_total_acreditaciones_lag3	0.000154910704277483	0.000594961455953816	0.000609802576415885
ccajas_consultas	0.00015304471147814	0.00170506503428535	0.000304901288207943
ascdescubierto_preacordado_lag3	0.00014754096537701	0.00159648752935177	0.000762253220519857
asg2_mcuentas_saldo_sobre_g1_monto_total_acreditaciones_lag2	0.000147224796054071	0.000548635303432368	0.000457351932311914
Master_mpagominimo_lag_1	0.000143245721626469	0.000943650162741009	0.00228675966155957
g2_g1_m_activos_pasivos_margen_absoluto_sobre_mcuentas_saldo_lag_1	0.000142483755075115	0.000799521250623501	0.00182940772924766
g2_g1_consumo_total_tc_sobre_mcuentas_saldo_lag_1	0.00013796859503485	0.000949813945130589	0.00205808369540361
Master_fultimo_cierre_lag_1	0.000136090550969873	0.00091072748497888	0.00198185837335163
g2_g1_monto_total_prestamos_sobre_g1_transacciones_totales_tc_lag_1	0.000135773985410639	0.000616661534912254	0.00198185837335163
cprestamos_personales	0.00013402219014108	0.000200794249431413	7.62253220519857e-05
Master_mpagosdolares_lag_1	0.00013299771413233	0.000751322942096588	0.00190563305129964
g1_visa_cerrada_lag_1	0.000132347694995444	0.00294227099086765	0.0005335772543639
g1_monto_total_comisiones_lag_1	0.000130999068139405	0.000697081545314457	0.00152450644103971
mcuentas_saldo_lag_1	0.000130730014369697	0.000791214029810711	0.00137205579693574
asg2_ctrx_quarter_sobre_g1_mtotal_caja_ahorro_lag2	0.000129016619851254	0.00115780681739991	0.00221053433950758
Master_cconsumos_lag_1	0.000125178131207796	0.000364666710361668	0.000914703864623828
g1_monto_total_prestamos_lag_1	0.000120710088724133	0.000496584281681255	0.0005335772543639
g1_m_activos_pasivos_margen_neto_lag_1	0.000120664374697767	0.000518457299688698	0.00137205579693574
g2_mpasivos_margen_sobre_g1_transacciones_totales_tc	0.000119921248605267	0.000545526591318831	0.00167695708514369
cliente_antiguedad_lag_1	0.000117831784292495	0.00111666743942576	0.00190563305129964
cprestamos_personales_lag_1	0.00011717278337084	0.000474083486544386	0.000304901288207943
mprestamos_personales_lag_1	0.00011541895450584	0.000827687126691995	0.000686027898467871
asg2_g1_consumo_total_tc_sobre_g1_monto_total_acreditaciones_lag3	0.000115379023011421	0.00082837413335032	0.000838478542571843
asg2_ctrx_quarter_sobre_g1_consumo_total_tc_lag3	0.00011473281666511	0.00108002447672575	0.00243921030566354
g1_montos_transferencias_totales_netas_lag_1	0.000113524583986975	0.000633547258955578	0.0016007317630917
ctarjeta_visa_debitos_automaticos_lag_1	0.000112810074794135	0.00134493916134449	0.000914703864623828
g1_cantidad_debitos_totales_lag_1	0.000112754502286432	0.00179254118139462	0.00259166094976751
Visa_fechaalta_lag_1	0.000111976990233459	0.00100589173669319	0.00221053433950758
g1_monto_debitado_promedio_cuenta_lag_1	0.000111489172155354	0.000534391439885638	0.000990929186675814
Visa_mpagado	0.000110354891787938	0.000416984823761972	0.000762253220519857
g1_cons_prom_visa_lag_1	0.000108106995484475	0.000825694555936738	0.00259166094976751
Master_madelantodolares_lag_1	0.000108104286171735	0.000536472854934246	0.00114337983077979
asg2_ctrx_quarter_sobre_g1_consumo_total_tc_lag2	0.000107206037742641	0.000567075243840176	0.00114337983077979
Master_msaldototal_lag_1	0.000106921654800292	0.000765383249980642	0.00182940772924766
g1_cons_prom_master	0.000106175503323812	0.000640619879352288	0.000304901288207943
Master_msaldopesos_lag_1	0.000105767899408721	0.000745781349145028	0.00144828111898773
g2_g1_mtotal_caja_ahorro_sobre_g1_transacciones_totales_tc_lag_1	0.000104380290024994	0.00045629730603104	0.0010671545087278
Visa_cconsumos_lag_1	0.000103023171526003	0.00103200385678553	0.0026678862718195
g1_monto_total_debitado_tc_lag_1	0.000102739843471538	0.000881584880452678	0.00190563305129964
Visa_mfinanciacion_limite	0.000101982199471972	0.000809345250268357	0.00121960515283177
ccomisiones_mantenimiento_lag_1	0.000100709818617115	0.00124047643236203	0.000228675966155957
Visa_cconsumos	0.000100521918163029	0.000997689564478826	0.00243921030566354
Master_mlimitecompra_lag_1	0.000100150237767769	0.000748580223770121	0.0016007317630917
tcuentas_lag_1	9.91732442467444e-05	0.0013044169438861	0.000381126610259928
mtarjeta_master_consumo	9.88401267198641e-05	0.000978453936814853	0.000762253220519857
Visa_msaldopesos_lag_1	9.58397473364855e-05	0.000857056032720126	0.00175318240719567
mcaja_ahorro_dolares_lag_1	9.53292857270591e-05	0.00107039045858868	0.00144828111898773
g1_mtotal_cta_corriente_lag_1	9.36319311224493e-05	0.000695750277837059	0.0010671545087278
mcuenta_corriente_lag_1	9.35935969140132e-05	0.000451899792894788	0.0010671545087278
Visa_mlimitecompra	9.23011775783903e-05	0.000911766516195762	0.00190563305129964
g1_monto_transferencia_promedio	9.1976022722599e-05	0.000422159305388181	0.0010671545087278
g1_transferencias_totales_lag_1	9.15739607682986e-05	0.000675174163004869	0.0016007317630917
ctrx_quarter_lag_1	9.1012212238307e-05	0.000927682217011064	0.00114337983077979
g1_cantidad_total_prestamos_lag_1	8.9233025065415e-05	0.000375569693216956	0.000381126610259928
mtransferencias_recibidas_lag_1	8.72230917900794e-05	0.000491370965599777	0.0010671545087278
g2_g1_monto_total_prestamos_sobre_g1_monto_total_acreditaciones_lag_2	8.69087441611155e-05	0.000825682821784786	0.000990929186675814
g2_g1_monto_total_acreditaciones_sobre_g2_limite_compra_tarjetas_credito_lag_1	8.60664901334829e-05	0.000570644661110109	0.0010671545087278
g1_m_activos_pasivos_margen_absoluto_delta_lag1	8.39225628020956e-05	0.000627739971277679	0.00129583047488376
g1_monto_pago_servicios_totales_lag_1	8.2710127580365e-05	0.00031103073994334	0.000914703864623828
Master_mlimitecompra	8.25181257692316e-05	0.000716695459686593	0.0016007317630917
thomebanking_lag_1	8.14887081160891e-05	0.000375880648243681	0.000838478542571843
mtarjeta_visa_consumo_lag_2	8.12541957318995e-05	0.000721386885390782	0.00205808369540361
asmautoservicio_lag2	8.12163921712527e-05	0.000880976939627742	0.00175318240719567
g1_comision_promedio	8.00811614228363e-05	0.000480008674510944	0.00137205579693574
mcheques_depositados	7.97777677072732e-05	0.00125288334235915	0.000228675966155957
Visa_msaldototal_lag_1	7.95034581623874e-05	0.000680278519103936	0.0016007317630917
mcaja_ahorro_dolares	7.92936697584779e-05	0.000884312512012349	0.000914703864623828
Master_fechaalta_lag_1	7.80859995319446e-05	0.00077479515738433	0.00175318240719567
Master_fechaalta	7.77510553780317e-05	0.000933216825348367	0.00205808369540361
Master_mconsumototal_lag_1	7.5687652283767e-05	0.00054676007419663	0.000609802576415885
active_quarter	7.41128448202733e-05	0.00036610051197636	0.000609802576415885
matm	6.8381287293708e-05	0.00102255535000314	0.00129583047488376
g1_mtotal_caja_ahorro_lag_2	6.81523726719278e-05	0.000643080139878199	0.00190563305129964
Visa_cadelantosefectivo_lag_1	6.65240787273696e-05	0.000368416610064005	0.000914703864623828
asg1_transacciones_totales_tc_lag2	6.64159066707367e-05	0.000565818013273903	0.00175318240719567
g2_ctrx_quarter_sobre_g1_transacciones_totales_tc_lag_1	6.60683747988922e-05	0.000575961628867162	0.000914703864623828
ctarjeta_debito_transacciones_lag_1	6.42917290510485e-05	0.00067722009621305	0.0010671545087278
cproductos_lag_1	6.38380444007997e-05	0.00034401320600351	0.000381126610259928
mcuenta_debitos_automaticos_lag_1	6.32327223427569e-05	0.000247243331163785	0.000686027898467871
mttarjeta_visa_debitos_automaticos	6.30899176403607e-05	0.00043834824431322	0.000990929186675814
Master_mpagado	6.28654664455068e-05	0.000220730852982226	0.000381126610259928
Master_mpagado_lag_1	6.27367021667483e-05	0.000244179599966064	0.0005335772543639
Visa_mconsumototal	6.20771096004704e-05	0.000629633919279627	0.00175318240719567
mtransferencias_emitidas_lag_1	6.17026377922053e-05	0.000380442718891829	0.000381126610259928
Visa_mfinanciacion_limite_lag_1	6.15028879673017e-05	0.000605413512112667	0.00137205579693574
g2_mpasivos_margen_sobre_g1_monto_total_acreditaciones_lag_1	6.08093987973988e-05	0.000306438495761601	0.000381126610259928
Master_Fvencimiento	6.05874381903037e-05	0.000538034614682127	0.00114337983077979
g2_limite_compra_tarjetas_credito_lag_1	6.04759639748856e-05	0.000773446847448145	0.00152450644103971
g2_g2_tarjetas_madelantosdolares_sobre_g1_transacciones_totales_tc_lag_1	5.99367560714078e-05	0.000443717736369485	0.000990929186675814
Visa_mconsumototal_lag_1	5.90858969521636e-05	0.000593116120867098	0.00198185837335163
ccallcenter_transacciones	5.89091277312628e-05	0.00105245089594625	0.000228675966155957
Master_mfinanciacion_limite_lag_1	5.83823664381333e-05	0.000628042265382725	0.0016007317630917
Visa_Fvencimiento	5.81333715631528e-05	0.000724343891682656	0.00114337983077979
g2_g1_m_activos_pasivos_margen_absoluto_sobre_g1_monto_total_acreditaciones_lag_1	5.51028744531173e-05	0.000556699739053582	0.000686027898467871
g1_monto_total_cajeros_automaticos	5.49971234517364e-05	0.000823280114480353	0.000914703864623828
g1_master_cerrada_lag_1	5.38417160639761e-05	0.00127879877571402	0.000228675966155957
Visa_cadelantosefectivo	5.31689538034574e-05	0.000327994132897203	0.000990929186675814
g1_montos_transferencias_totales_absolutas_lag_1	5.30864689351475e-05	0.000730305399643351	0.00152450644103971
Visa_msaldodolares	5.27786748019749e-05	0.000113036482675302	0.000304901288207943
g2_g1_mtotal_caja_ahorro_sobre_g1_consumo_total_tcdelta_lag1	5.2546453291616e-05	0.00075088039693726	0.00121960515283177
g1_transacciones_totales_tc_lag_1	5.23891971292093e-05	0.00051600961146845	0.000990929186675814
Master_Fvencimiento_lag_1	4.94191025247754e-05	0.000530664729102636	0.00137205579693574
Master_mfinanciacion_limite	4.92890744324397e-05	0.00066511939170496	0.00137205579693574
mpagomiscuentas_lag_1	4.86507809377336e-05	0.000294086065755687	0.000686027898467871
asg1_consumo_total_tc_lag2	4.75617240374137e-05	0.000476276376036536	0.00137205579693574
mactivos_margen_lag_1	4.72889639153181e-05	0.000304587852368048	0.000686027898467871
g1_cant_transacciones_por_tarjeta_debito_lag_1	4.57128181120432e-05	0.00082860099362139	0.00129583047488376
ctarjeta_master_transacciones	4.45535472221132e-05	0.000636335796351571	0.000152450644103971
mcheques_depositados_lag_1	4.41446251367738e-05	0.000825323533227402	0.000152450644103971
ascdescubierto_preacordado_lag2	4.40314046209156e-05	0.000325885338160708	0.000152450644103971
g1_cant_seguros_totales	4.38860920734063e-05	0.000559425414921261	0.000152450644103971
g1_porcentaje_saldo_cta_corriente	4.28280490525285e-05	0.000795099710414205	0.000228675966155957
g2_g1_consumo_total_tc_sobre_g1_transacciones_totales_tc_lag_1	4.12304044962113e-05	0.000420800378838325	0.00121960515283177
g1_consumo_total_tc_lag_1	4.11148088136346e-05	0.000354735147657254	0.000990929186675814
Visa_Fvencimiento_lag_1	3.99045963231539e-05	0.000557740446577886	0.000914703864623828
mextraccion_autoservicio	3.91588454230233e-05	0.000514121809927049	0.000838478542571843
Visa_mconsumospesos	3.79603950538527e-05	0.000403670472680574	0.00137205579693574
matm_lag_1	3.76170652339205e-05	0.000584035563563765	0.000838478542571843
g1_deuda_promedio_prestamo_lag_1	3.71865836397647e-05	0.000254642272738586	0.000152450644103971
catm_trx	3.6940971860611e-05	0.000819470147095406	0.000152450644103971
g1_rentabilidad_mensual_lag_1	3.6787083302859e-05	0.000169812176894468	7.62253220519857e-05
Visa_mconsumospesos_lag_1	3.48446045152538e-05	0.00033747393075147	0.000914703864623828
g1_visa_consumo_total_lag_1	3.46653802439607e-05	0.000313340412185869	0.0010671545087278
g1_monto_total_cajeros_automaticos_lag_1	3.45778474956654e-05	0.000359934773894788	0.000686027898467871
ctarjeta_visa_transacciones_lag_1	3.35305862345642e-05	0.000430560120032015	0.00121960515283177
asg2_g1_consumo_total_tc_sobre_g1_monto_total_acreditaciones_lag2	3.33523087898105e-05	0.00043197771734163	0.000762253220519857
mtarjeta_visa_consumo_lag_1	3.29568865451691e-05	0.000404678492210154	0.000914703864623828
g1_cant_transacciones_por_tarjeta_debito	3.22827260387927e-05	0.000616309510353698	0.0010671545087278
g1_monto_transferencia_promedio_lag_1	3.2035068352354e-05	0.000251608715074455	0.000609802576415885
g1_visa_abierta_lag_1	3.1599439776258e-05	4.65094287995536e-05	7.62253220519857e-05
Master_mconsumospesos	3.04881582888619e-05	0.00027253545754235	0.000686027898467871
mrentabilidad_lag_1	3.04827315939713e-05	0.000232367499719076	0.000686027898467871
g1_c_cuentas_lag_1	2.99857344919211e-05	3.81192307693898e-05	7.62253220519857e-05
cseguro_vida_lag_1	2.98956669538705e-05	0.000171447135399764	7.62253220519857e-05
ctarjeta_master_transacciones_lag_1	2.78435655571009e-05	0.000298178490941189	0.000228675966155957
mpayroll_lag_1	2.77799583847813e-05	5.6870964357633e-05	0.000152450644103971
matm_other_lag_1	2.73678127694769e-05	0.000247511260966687	0.000228675966155957
g1_acreditaciones_sobre_edad_lag_1	2.66477431434301e-05	0.000247144429025905	0.000152450644103971
g1_visa_en_proceso_cierre_lag_1	2.63566115770221e-05	0.000694833337677391	0.000152450644103971
g1_cant_inversiones_totales	2.62345532504654e-05	0.000426266258571338	7.62253220519857e-05
Master_mconsumototal	2.56791061446686e-05	0.000230257028675159	0.0005335772543639
mextraccion_autoservicio_lag_1	2.55264058116843e-05	0.00053812653220575	0.000762253220519857
g1_consumo_promedio_tc_lag_1	2.50074466091134e-05	0.000287064852119909	0.000914703864623828
g1_cantidad_descuentos_totales_tc	2.35107097225258e-05	0.000426266258571338	7.62253220519857e-05
g1_rentabilidad_mensual	2.32948388842112e-05	3.40698308077104e-05	7.62253220519857e-05
g2_mcuentas_saldo_sobre_g1_monto_total_acreditaciones_lag_1	2.28394691092453e-05	0.000263049792612107	0.000304901288207943
tcallcenter_lag_1	2.24249680088954e-05	0.000245315577628834	0.000152450644103971
g1_master_consumo_total_lag_1	2.22193699462653e-05	0.000143730230335715	0.000304901288207943
cplazo_fijo	2.00812055645227e-05	0.000426266258571338	7.62253220519857e-05
Visa_mpagospesos_lag_1	1.98670204022018e-05	0.000306777109860784	0.000990929186675814
cextraccion_autoservicio_lag_1	1.96339973356745e-05	0.000262486273933847	0.0005335772543639
g1_cantidad_interacciones_con_linea_caja	1.94734378517583e-05	0.000388890749528042	7.62253220519857e-05
ccajas_transacciones_lag_1	1.89523005234045e-05	0.00030006573371345	0.000228675966155957
g1_transacciones_totales_cajeros_automaticos_lag_1	1.87551399967281e-05	0.000270919217803264	0.000686027898467871
asg2_ctrx_quarter_sobre_g1_monto_total_acreditaciones_lag2	1.80891150232925e-05	0.000318766060540761	0.000381126610259928
g1_porcentaje_saldo_cta_corriente_lag_1	1.7710103380366e-05	9.49670062076894e-05	7.62253220519857e-05
cseguro_vivienda	1.73021753186321e-05	0.000426266258571338	7.62253220519857e-05
g2_ctrx_quarter_sobre_g1_monto_total_acreditaciones_lag_1	1.66704312205659e-05	0.000237861597293688	0.000381126610259928
ccomisiones_otras	1.56086776528048e-05	8.20275892196102e-05	0.000152450644103971
g1_monto_promedio_operado_cajero_automatico	1.33486701421152e-05	0.000282382087337398	0.000381126610259928
g1_cantidad_pagos_servicio_totales_lag_1	1.30422437900897e-05	0.000439991863740193	0.000609802576415885
Master_mconsumospesos_lag_1	1.2921438571159e-05	0.0002509915545587	0.0005335772543639
Master_mpagospesos_lag_1	1.28515225735129e-05	0.00015938219211667	0.000152450644103971
ctransferencias_recibidas_lag_1	1.2446215712143e-05	9.59669235847316e-05	0.000228675966155957
active_quarter_lag_1	1.21779007968829e-05	6.39122936824713e-05	7.62253220519857e-05
g1_extraccion_cajero_promedio_lag_1	1.21606839015287e-05	0.000202076345224441	0.000381126610259928
g1_monto_promedio_operado_cajero_automatico_lag_1	1.21276880319272e-05	0.000141287291653161	0.000228675966155957
g2_g1_consumo_total_tc_sobre_g1_monto_total_acreditaciones_lag_1	1.19997666151341e-05	0.000137905062045317	0.000228675966155957
g1_cons_prom_master_lag_1	1.17002407520322e-05	5.10153431490751e-05	7.62253220519857e-05
Master_delinquency_lag_1	1.07447613833426e-05	0.00023556198289569	0.000304901288207943
catm_trx_lag_1	1.03481645004175e-05	7.34024287658386e-05	0.000228675966155957
g1_transacciones_totales_cajeros_automaticos	1.03352182889143e-05	0.000251067267777247	7.62253220519857e-05
mforex_sell	8.77723252736209e-06	0.000426266258571338	7.62253220519857e-05
Master_msaldodolares_lag_1	8.33198818542904e-06	4.10376819905643e-05	0.000152450644103971
g1_master_consumo_total	8.31494354403688e-06	0.000198610300245512	0.000152450644103971
g1_monto_total_acreditaciones_delta_lag1	7.33318032997978e-06	0.000164895567226631	0.000304901288207943
g1_dinero_prom_por_inversion_lag_1	6.1959512359912e-06	0.000136217299856239	0.000152450644103971
mtarjeta_master_consumo_lag_1	5.62081027719547e-06	3.06658092033844e-05	7.62253220519857e-05
cpayroll_trx_lag_1	5.46688183578039e-06	7.30816952791539e-05	7.62253220519857e-05
Visa_msaldodolares_lag_1	4.44294599420243e-06	4.98592497972448e-05	7.62253220519857e-05
Visa_status_lag_1	4.00496073463345e-06	2.14310316172556e-05	7.62253220519857e-05
g1_monto_total_plazos_fijos_lag_1	3.12939314275945e-06	6.06163939068447e-05	7.62253220519857e-05
g1_monto_inversiones_totales_lag_1	3.07187144086078e-06	2.40765241132637e-05	7.62253220519857e-05
Master_msaldodolares	2.88488890225262e-06	6.15797119051799e-05	7.62253220519857e-05
mautoservicio_delta_lag1	2.84155549395116e-06	5.45635271916671e-05	0.000152450644103971
g1_master_abierta_lag_1	2.76594124575983e-06	5.30934055828388e-05	7.62253220519857e-05
ctransferencias_emitidas_lag_1	1.94588097512919e-06	2.5231499926813e-05	7.62253220519857e-05
g1_extraccion_cajero_promedio	7.65885872276649e-07	5.17652113357142e-05	0.000228675966155957
cpagomiscuentas_lag_1	7.92475364563005e-08	1.7500928867087e-05	7.62253220519857e-05
