Feature	Gain	Cover	Frequency
ctrx_quarter	0.145243899836646	0.0169540296510472	0.0127614321162708
g1_mtotal_caja_ahorro	0.0802845034153776	0.00595749147084243	0.00460829493087558
mcaja_ahorro	0.0664026315139767	0.0102834094962233	0.0076214108472173
g2_g2_tarjetas_madelantosdolares_sobre_g1_transacciones_totales_tc	0.052081699979524	0.00455596456786462	0.00567174760723148
g1_consumo_total_tc	0.0446777657298455	0.0126526596458396	0.0115207373271889
g1_numero_mes_lag_3	0.0311651085424507	0.0349980751243955	0.0405884438142503
cdescubierto_preacordado	0.0243869666325664	0.0201513165913876	0.0246366536689117
mtarjeta_visa_consumo	0.024207050411794	0.00644434878544396	0.00673520028358738
g1_visa_abierta	0.0213696706302187	0.00709649847318261	0.0116979794399149
g1_transacciones_totales_tc	0.0213004712361957	0.00401711310839434	0.00389932647997164
g2_g1_monto_total_prestamos_sobre_g1_monto_total_acreditaciones	0.0166920163423112	0.0136814875594552	0.0131159163417228
g2_g1_consumo_total_tc_sobre_g1_monto_total_acreditaciones	0.0160924040279492	0.00337605254967902	0.00336760014179369
mcuentas_saldo	0.0159082882798303	0.0139210719449526	0.0129386742289968
g2_g1_mtotal_caja_ahorro_sobre_g1_m_activos_pasivos_margen_absoluto	0.0143777755401762	0.00251474251263847	0.00389932647997164
g1_visa_limite_compra_sobre_sueldo	0.014290766004565	0.0113027761411151	0.00921658986175115
mcuenta_corriente	0.0135957183223437	0.0143944915829173	0.0177242112725984
g1_numero_mes	0.0122263544391981	0.013125436787124	0.0170152428216944
ctarjeta_visa	0.011748167597873	0.00325217029984033	0.00265863169088976
g2_ctrx_quarter_sobre_g1_monto_total_acreditaciones	0.0113610948041881	0.00408341472493401	0.00354484225451967
g1_monto_total_acreditaciones	0.0104194637741365	0.0024473262249715	0.00230414746543779
Visa_Finiciomora	0.0101371231213772	0.0196723262243452	0.010989010989011
foto_mes	0.0101142445304503	0.0302784262434811	0.032258064516129
g1_monto_total_prestamos	0.00912176137379177	0.0161287325631482	0.0164835164835165
g2_g2_tarjetas_madelantosdolares_sobre_g1_transacciones_totales_tcdelta_lag1	0.00885567672664243	5.31326570678358e-05	0.000177242112725984
mautoservicio	0.00848676964478453	0.00805874898158922	0.00514002126905353
g1_visa_limite_compra_sobre_sueldo_delta_lag1	0.0083667255397552	0.00713630578951116	0.00567174760723148
g2_g1_m_activos_pasivos_margen_absoluto_sobre_g2_limite_compra_tarjetas_credito_lag_1	0.00787922810254384	0.00393152083209537	0.0065579581708614
g1_m_activos_pasivos_margen_absoluto	0.00781183380354956	0.0102564369602757	0.0136476426799007
g1_monto_total_acreditaciones_lag_1	0.00759795684831438	6.79779671547114e-05	0.000177242112725984
g1_mtotal_cta_corriente	0.00693989092611582	0.0145677454597287	0.0180786954980503
g2_g1_m_activos_pasivos_margen_absoluto_sobre_mcuentas_saldo	0.00663287659848764	0.00123389588233325	0.00283587380361574
asg1_monto_total_acreditaciones_lag3	0.00628486039336736	0.00258886238437877	0.00443105281814959
g1_master_abierta	0.00601280951454736	0.00230214965512892	0.0076214108472173
g1_numero_mes_lag_1	0.00579966392415527	0.00813856929400119	0.010989010989011
mpayroll	0.0053473938521167	0.00287988549858962	0.00177242112725984
mprestamos_personales	0.00530727581034552	0.0134293053899938	0.0138248847926267
ccaja_seguridad	0.00528136453480335	0.025204196577544	0.0129386742289968
tcallcenter	0.00486433925823556	0.017110598212342	0.0177242112725984
g2_g1_monto_total_prestamos_sobre_mrentabilidad_annual	0.00466633135578879	0.00377502924917646	0.00567174760723148
g2_mpasivos_margen_sobre_g1_monto_total_prestamos	0.00449137895820866	0.00616183794407418	0.00833037929812123
g2_ctrx_quarter_sobre_g1_monto_total_prestamos	0.00435642537973918	0.00476304710714783	0.00726692662176533
g2_g1_mtotal_caja_ahorro_sobre_g1_consumo_total_tc	0.00432021705907989	8.72215508993964e-05	0.000354484225451967
asctarjeta_visa_lag3	0.00425786367725946	0.00183992643101057	0.00283587380361574
ctarjeta_visa_delta_lag1	0.0042134499585887	0.00514581975750981	0.00265863169088976
mcuenta_debitos_automaticos	0.00411736217467071	0.0190444586682164	0.0122297057780929
g2_ctrx_quarter_sobre_g1_mtotal_caja_ahorro	0.00404371950301718	6.60868448506508e-05	0.000177242112725984
ctarjeta_debito_transacciones	0.00379099175464462	0.000690525933631342	0.000354484225451967
g2_ctrx_quarter_sobre_mcuentas_saldo	0.00368871622886864	0.00131504260691682	0.00336760014179369
g1_acreditaciones_sobre_edad	0.00350708631523318	0.00293556672582235	0.00230414746543779
g2_g1_m_activos_pasivos_margen_absoluto_sobre_mcuentas_saldo_lag_1	0.00350111262669815	0.000423442084091325	0.00159517901453385
mrentabilidad_annual	0.00340109801580603	0.0190587295701078	0.0191421481744062
mcaja_ahorro_lag_1	0.00331798247210434	0.000298681351370363	0.0010634526763559
asg1_consumo_total_tc_lag3	0.00331034751570723	0.000385499220393316	0.0010634526763559
g2_g1_m_activos_pasivos_margen_absoluto_sobre_g1_monto_total_acreditaciones	0.00325756066316124	0.00290150429962132	0.00230414746543779
g2_g1_consumo_total_tc_sobre_g1_monto_total_prestamos	0.00319145832252925	0.00104504731801766	0.00265863169088976
g1_cant_cuentas_visa_y_master	0.0031357118360238	0.00408570932707153	0.00319035802906771
g1_monto_pago_servicios_totales	0.0031139395844285	0.00993509487221953	0.00638071605813541
g1_cantidad_total_acreditaciones	0.00307007338384553	0.00103578890044701	0.000531726338177951
ctrx_quarter_delta_lag1	0.00303827955062526	0.0181221213466605	0.0127614321162708
g1_mtotal_cta_corriente_delta_lag1	0.00295742337802966	0.00902457120581754	0.00886210563629919
Visa_Finiciomora_lag_1	0.00295593847530027	0.00635132597442528	0.00336760014179369
g1_visa_abierta_delta_lag1	0.00295111338836697	0.00506703693580632	0.00265863169088976
thomebanking	0.00292415449997527	0.0073051848296506	0.0150655795817086
asmautoservicio_lag3	0.00272085465218749	0.000508657550230356	0.00141793690180787
asg1_m_activos_pasivos_margen_absoluto_lag2	0.00267235627396418	0.00472507151248686	0.00567174760723148
g2_mpasivos_margen_sobre_mrentabilidad_annual	0.00265248330383067	0.000237730237058913	0.000886210563629919
mpasivos_margen	0.00259503080827685	0.00132885951822937	0.00194966323998582
Visa_delinquency	0.00251673571811199	0.00352169341429241	0.00354484225451967
cmobile_app_trx_lag_1	0.00244382320691763	0.00239112938405074	0.00460829493087558
asg2_g1_m_activos_pasivos_margen_absoluto_sobre_mcuentas_saldo_lag2	0.00234667641260343	0.00114446337509055	0.00265863169088976
g1_visa_en_proceso_cierre	0.00227393121741479	0.00505890975688743	0.00265863169088976
mcuentas_saldo_delta_lag1	0.00219773033786225	0.0127986597428735	0.00921658986175115
g2_ctrx_quarter_sobre_g1_consumo_total_tc	0.0021611150355026	0.000884066744142391	0.00141793690180787
g2_g1_m_activos_pasivos_margen_absoluto_sobre_g1_monto_total_acreditaciones_delta_lag1	0.00207028557269294	0.00433951511392987	0.00283587380361574
g1_c_cuentas	0.00196565351013945	0.0145010446062582	0.00744416873449132
mcomisiones_mantenimiento	0.00195195454157131	0.0113322119850896	0.00921658986175115
g2_g1_monto_total_prestamos_sobre_g1_monto_total_acreditaciones_delta_lag1	0.00193865305167597	0.00159536107989756	0.00124069478908189
chomebanking_transacciones	0.00190673637026431	0.0140489378762517	0.0129386742289968
g2_mcuentas_saldo_sobre_g2_limite_compra_tarjetas_credito	0.00190106579601936	0.00151233313311601	0.00389932647997164
asg2_g1_mtotal_caja_ahorro_sobre_g1_m_activos_pasivos_margen_absoluto_lag3	0.00190095091842527	0.00414747669502704	0.00407656859269763
internet_lag_1	0.00185295617435662	0.0138105186726268	0.00708968450903935
mactivos_margen	0.00178692797219447	0.0106474479131962	0.0127614321162708
Master_status	0.00177792505487809	0.0010465183929638	0.0021269053527118
g2_g1_consumo_total_tc_sobre_g2_limite_compra_tarjetas_credito	0.00175701615261377	0.00128435712710362	0.00354484225451967
g2_g1_consumo_total_tc_sobre_g1_monto_total_prestamos_lag_1	0.00173655854048316	0.00799602392990281	0.00850762141084722
g1_master_limite_compra_sobre_sueldo	0.0017314539472478	0.00266171847727165	0.00283587380361574
g2_mpasivos_margen_sobre_g1_monto_total_acreditaciones	0.00172431128729102	0.000699938914082611	0.000531726338177951
g2_ctrx_quarter_sobre_g1_monto_total_acreditaciones_delta_lag1	0.00166561937597737	0.00243426151967797	0.00194966323998582
g1_transacciones_totales_tc_delta_lag1	0.00153283522718289	0.00977501743047024	0.00584898971995746
g2_g2_tarjetas_madelantosdolares_sobre_g1_transacciones_totales_tc_lag_3	0.00152979347177718	0.00564377589919776	0.00850762141084722
cliente_edad_lag_1	0.0014917321865995	0.0127163979430767	0.0116979794399149
g2_g1_mtotal_caja_ahorro_sobre_g1_monto_total_acreditaciones	0.00145685334898539	0.000260145693565505	0.000531726338177951
g2_g2_tarjetas_madelantosdolares_sobre_mrentabilidad_annual_lag_1	0.0014057264624321	0.000964169512642079	0.0021269053527118
g2_g1_m_activos_pasivos_margen_absoluto_sobre_g2_limite_compra_tarjetas_credito	0.00136560350512399	0.00281797892302006	0.0065579581708614
g2_mrentabilidad_annual_sobre_g2_limite_compra_tarjetas_credito_lag_1	0.00136413441773496	0.00211227147978112	0.00460829493087558
asg1_transacciones_totales_tc_lag3	0.00136268405632375	0.00131441081851459	0.00265863169088976
ccaja_ahorro	0.00134077597549633	0.00948291278018101	0.00514002126905353
g2_g1_monto_total_acreditaciones_sobre_mrentabilidad_annual_lag_1	0.00132906291067308	0.000481963429510827	0.0010634526763559
g2_g1_m_activos_pasivos_margen_absoluto_sobre_g1_monto_total_prestamos	0.00129328461490542	0.00234800209745506	0.00301311591634172
g2_g1_mtotal_caja_ahorro_sobre_g2_limite_compra_tarjetas_credito	0.00128285728536438	0.000704464272775598	0.000708968450903935
g2_g1_monto_total_acreditaciones_sobre_g2_limite_compra_tarjetas_credito	0.0012377340396263	0.001357014409703	0.00159517901453385
g2_mpasivos_margen_sobre_g2_limite_compra_tarjetas_credito_lag_1	0.00118954052888405	0.000628402161856989	0.00159517901453385
g1_mtotal_cta_corriente_lag_1	0.00113878921204795	2.43227422491486e-05	0.000177242112725984
internet	0.00112648502992323	0.0197097177127475	0.010457284650833
g1_monto_total_debitado_tc	0.00110364943679178	0.00207856808395769	0.00248138957816377
Visa_status	0.00109645163771492	0.000702490514892225	0.00159517901453385
g1_dinero_prom_por_inversion	0.00109458933883431	0.0113279826193641	0.00602623183268345
ctarjeta_visa_transacciones	0.00107106461424536	0.0012544941642669	0.00159517901453385
asg1_monto_total_acreditaciones_lag2	0.0010567981961961	8.82325739773365e-05	0.000354484225451967
g2_ctrx_quarter_sobre_mpasivos_margen_lag_1	0.0010521416085048	0.000270664859338861	0.000531726338177951
g2_mcuentas_saldo_sobre_g1_monto_total_acreditaciones_delta_lag1	0.0010502202855278	0.000460915197858037	0.000531726338177951
g2_g1_m_activos_pasivos_margen_absoluto_sobre_mrentabilidad_annual	0.00100101310338331	0.00119782979588764	0.00177242112725984
g2_mcuentas_saldo_sobre_g1_monto_total_acreditaciones	0.000990873016054413	0.000580898422245471	0.000531726338177951
Visa_cadelantosefectivo	0.000977825977149248	6.12026578230482e-05	0.000354484225451967
ccajas_consultas	0.000962190165299113	0.0127747297721798	0.0065579581708614
cpayroll_trx	0.000947303574121837	0.000498091712528342	0.000354484225451967
asg2_g1_m_activos_pasivos_margen_absoluto_sobre_mcuentas_saldo_lag3	0.000945441062217429	0.000608492442403278	0.00194966323998582
tmobile_app	0.000929420218886236	0.00884526937440678	0.00708968450903935
g1_numero_mes_delta_lag1	0.000924816268188082	0.0117059516978479	0.00620347394540943
asg1_visa_limite_compra_sobre_sueldo_lag3	0.000921108058816694	0.00700682472662035	0.00602623183268345
g2_ctrx_quarter_sobre_g1_m_activos_pasivos_margen_absoluto_lag_1	0.000913436814615772	0.000669747227315477	0.00141793690180787
asg1_mtotal_cta_corriente_lag3	0.000886998238130187	0.00203413196292978	0.00283587380361574
g2_g1_monto_total_acreditaciones_sobre_g1_transacciones_totales_tc	0.000859469595164548	0.000944695599898823	0.00248138957816377
mcomisiones_mantenimiento_lag_1	0.000841695726422075	0.00479389018048636	0.00584898971995746
mtarjeta_master_consumo	0.00082824991935382	0.00286442799826969	0.0021269053527118
cliente_edad	0.000780273499973611	0.0075309626080275	0.00602623183268345
g1_mtotal_caja_ahorro_lag_1	0.00076121219794813	2.26641714164527e-05	0.000177242112725984
asmcuentas_saldo_lag3	0.000758112903423034	0.000794246718461743	0.00159517901453385
asg2_g1_mtotal_caja_ahorro_sobre_g1_m_activos_pasivos_margen_absoluto_lag2	0.000749189777186066	0.00290225994037102	0.00478553704360156
g1_monto_total_comisiones	0.000732384704036767	0.00317748167710794	0.00407656859269763
cmobile_app_trx	0.000696519283600589	0.00124526039593996	0.00248138957816377
g2_mpasivos_margen_sobre_g2_limite_compra_tarjetas_credito	0.000692709512427525	9.59698099425075e-05	0.000531726338177951
mrentabilidad	0.000681325465690845	0.00407359604217648	0.00496277915632754
ctrx_quarter_lag_3	0.000659648430057665	0.00153541512941759	0.00265863169088976
cproductos	0.000629637703477874	0.00857199108910606	0.00478553704360156
g1_numero_mes_lag_2	0.000604272495604835	0.00155947844847888	0.00265863169088976
g2_g1_consumo_total_tc_sobre_mcuentas_saldo	0.000590272949947687	0.000659503850211463	0.000708968450903935
ccaja_seguridad_lag_1	0.000577012551465344	0.00204411248211525	0.0010634526763559
mtarjeta_visa_consumo_lag_3	0.000561497167175448	0.000291414067379471	0.000708968450903935
g1_consumo_total_tc_delta_lag1	0.000560667093398982	0.00198689835478413	0.00159517901453385
mpagomiscuentas	0.000556282034191297	0.00549020707004495	0.00336760014179369
asg1_visa_limite_compra_sobre_sueldo_lag2	0.000555171339993166	0.00239006582979769	0.00301311591634172
mcomisiones	0.000544008537293019	0.00194524032474776	0.00265863169088976
g2_g1_m_activos_pasivos_margen_absoluto_sobre_g1_monto_total_prestamos_lag_1	0.000543311926791908	0.00215454917564084	0.00283587380361574
g2_g1_mtotal_caja_ahorro_sobre_mpasivos_margen_lag_1	0.00054307154156169	3.73238040036027e-05	0.000177242112725984
g1_deuda_promedio_prestamo	0.000496139629938425	0.00128800743764502	0.00124069478908189
mcomisiones_otras	0.00047973313359186	0.00154159562421259	0.00230414746543779
ccajas_transacciones	0.000466063196607829	0.0041293827358454	0.00389932647997164
asg2_ctrx_quarter_sobre_g1_mtotal_caja_ahorro_lag3	0.000448045606465892	0.00356131384086335	0.00389932647997164
g2_g1_mtotal_caja_ahorro_sobre_mpasivos_margen	0.000441184202907384	0.00405386210011642	0.00389932647997164
Master_mpagospesos	0.00043437971899713	0.00674072381618389	0.00478553704360156
g1_monto_total_plazos_fijos	0.000410742540540029	0.00652102025799387	0.00336760014179369
g1_cant_inversiones_totales	0.000410056144349307	0.00454601819394298	0.00248138957816377
g2_g1_mtotal_caja_ahorro_sobre_mcuentas_saldo	0.000409173558402356	0.00190022757305149	0.00248138957816377
g2_mcuentas_saldo_sobre_g2_limite_compra_tarjetas_credito_lag_1	0.00040510450219797	0.00165900320467565	0.00177242112725984
g1_mtotal_caja_ahorro_lag_3	0.000396171270999388	0.000393009158004634	0.000708968450903935
g1_dinero_prom_por_plazo_fijo	0.000381863137423835	0.00260113508118599	0.00141793690180787
g2_ctrx_quarter_sobre_g1_consumo_total_tc_delta_lag1	0.000364031624339571	0.000717173786508176	0.00141793690180787
g1_m_activos_pasivos_margen_neto	0.000361920541520661	0.00189750989291133	0.00283587380361574
g2_g1_mtotal_caja_ahorro_sobre_mrentabilidad_annual_lag_1	0.000360753845275557	0.000407072561754253	0.0010634526763559
g2_ctrx_quarter_sobre_g1_mtotal_caja_ahorro_lag_1	0.000347545671665266	0.000808306081351739	0.000886210563629919
ascdescubierto_preacordado_lag3	0.000345161424773274	0.00513666498798852	0.00425381070542361
mttarjeta_visa_debitos_automaticos_lag_1	0.000333531060635303	0.00456765820948771	0.00460829493087558
Visa_mfinanciacion_limite	0.00032580952528195	0.00223031105068938	0.00124069478908189
g2_mpasivos_margen_sobre_mcuentas_saldo	0.000321206648987096	0.00136078271334541	0.00230414746543779
g2_mcuentas_saldo_sobre_mrentabilidad_annual	0.000319765628643456	0.000189861607823342	0.000531726338177951
g1_rentabilidad_mensual_lag_1	0.000317589103161351	0.000180052623128914	0.000354484225451967
Master_delinquency	0.000307378915014574	0.00164736876164606	0.00159517901453385
asg2_mcuentas_saldo_sobre_g1_monto_total_acreditaciones_lag3	0.000298698063368979	0.00106172738041684	0.00124069478908189
g2_mrentabilidad_annual_sobre_g2_limite_compra_tarjetas_credito	0.000291148596566718	0.0014156303112377	0.00283587380361574
Visa_mpagominimo	0.000268633019332314	0.00371524715555425	0.00372208436724566
Master_mpagosdolares_lag_1	0.000258727892090134	0.00139048788061381	0.0021269053527118
g2_g1_mtotal_caja_ahorro_sobre_g1_monto_total_prestamos_lag_1	0.000250787004640385	0.00163201713184829	0.0021269053527118
g2_ctrx_quarter_sobre_mrentabilidad_annual	0.00024716346371644	0.000109937041233075	0.000354484225451967
mrentabilidad_lag_1	0.000245982777533413	5.77418635980211e-05	0.000354484225451967
g2_mpasivos_margen_sobre_g1_monto_total_prestamos_lag_1	0.000244809427002679	0.00122008038532157	0.00124069478908189
Visa_madelantodolares_lag_1	0.000242423415056395	0.000485881042916355	0.0010634526763559
Visa_mconsumosdolares	0.0002381577286059	0.000810040822388348	0.00141793690180787
g2_g1_monto_total_acreditaciones_sobre_g2_limite_compra_tarjetas_credito_lag_1	0.000235752330978575	8.49255344610049e-05	0.000354484225451967
ccomisiones_mantenimiento_lag_1	0.000224770760979025	0.00556073259714965	0.00301311591634172
g2_ctrx_quarter_sobre_mcuentas_saldo_lag_1	0.000224693526185136	0.00143016932416507	0.00194966323998582
g2_g1_transacciones_totales_tc_sobre_mrentabilidad_annual	0.000220411254826483	0.000482099808523139	0.000886210563629919
g2_g1_mtotal_caja_ahorro_sobre_g1_monto_total_acreditaciones_lag_1	0.00021958737472972	0.00137257858871699	0.00159517901453385
g2_g1_transacciones_totales_tc_sobre_g2_limite_compra_tarjetas_credito	0.000212524249501691	0.000877865640963307	0.00194966323998582
g2_mcuentas_saldo_sobre_g1_monto_total_prestamos_lag_1	0.000212312760201212	0.00112257120990527	0.00159517901453385
g2_g1_m_activos_pasivos_margen_absoluto_sobre_g1_transacciones_totales_tc_lag_1	0.000211951631227741	0.000130421572968309	0.000177242112725984
g2_ctrx_quarter_sobre_g1_monto_total_prestamos_lag_1	0.000210593481266301	0.0020342123760363	0.00194966323998582
g2_g1_consumo_total_tc_sobre_g2_limite_compra_tarjetas_credito_lag_1	0.000205092766417692	0.000124678299184631	0.000531726338177951
Visa_cconsumos_lag_1	0.000197031671652645	9.09522745473108e-05	0.000177242112725984
g2_g1_monto_total_prestamos_sobre_mrentabilidad_annual_lag_1	0.000190119344575674	0.000298436879363108	0.0010634526763559
mrentabilidad_annual_lag_1	0.000189296135013855	0.000282633481459367	0.000531726338177951
g2_ctrx_quarter_sobre_mrentabilidad_annual_lag_1	0.000183225139479273	0.000421963735597862	0.0010634526763559
g1_cantidad_comisiones_totales_lag_1	0.000171737255248475	0.000617286565203122	0.00124069478908189
g2_g1_monto_total_acreditaciones_sobre_mrentabilidad_annual	0.000171350907455741	0.000362470765481754	0.000531726338177951
g2_g1_monto_total_prestamos_sobre_g2_limite_compra_tarjetas_credito	0.000167356939301828	0.000377068370873675	0.000886210563629919
g2_mpasivos_margen_sobre_g1_m_activos_pasivos_margen_absoluto_lag_1	0.000164747952823059	0.000403438818737316	0.000886210563629919
asg2_g1_m_activos_pasivos_margen_absoluto_sobre_g1_monto_total_acreditaciones_lag2	0.000164559606262496	0.00109040334073899	0.00141793690180787
cliente_antiguedad	0.000161068943701116	0.00108872739420991	0.00194966323998582
g1_porcentaje_saldo_caja_ahorro	0.00015998216954764	0.00284846417823888	0.0021269053527118
g1_cons_prom_visa	0.000159092258264318	0.000528192277910955	0.00141793690180787
cprestamos_personales_lag_1	0.000155849534251408	0.000374387058470129	0.000708968450903935
g1_monto_debitos_en_tc_lag_1	0.000152616290055224	0.00209836142665423	0.0021269053527118
g1_cantidad_total_prestamos_lag_1	0.00014991057220536	0.000542996573272646	0.0010634526763559
mtarjeta_visa_consumo_delta_lag1	0.000148289956297979	0.000687695311464688	0.000531726338177951
mplazo_fijo_dolares	0.000146982411093005	0.0013370066994034	0.000708968450903935
g2_g1_monto_total_prestamos_sobre_g2_limite_compra_tarjetas_credito_lag_1	0.000143362702534165	0.000200622012916254	0.000886210563629919
ascdescubierto_preacordado_lag2	0.000143282313647057	0.00162014124745615	0.00159517901453385
g2_g1_m_activos_pasivos_margen_absoluto_sobre_g1_consumo_total_tc	0.000142482585187402	0.000194690435074095	0.000531726338177951
mtransferencias_emitidas	0.000139317965600624	0.00212853351525219	0.00177242112725984
g2_g1_monto_total_prestamos_sobre_g1_monto_total_acreditaciones_lag_1	0.000138967766862544	0.000199561085221957	0.000708968450903935
g2_mpasivos_margen_sobre_mcuentas_saldo_lag_1	0.000136650767404341	0.000105080938179859	0.000354484225451967
Visa_delinquency_lag_1	0.000136005130969712	0.00043523068591558	0.000354484225451967
cdescubierto_preacordado_lag_1	0.000132189697386939	0.000816771682264147	0.0010634526763559
mcaja_ahorro_dolares_lag_1	0.00013059724497882	0.00129296840100548	0.00141793690180787
g2_g1_consumo_total_tc_sobre_g1_monto_total_acreditaciones_delta_lag1	0.000129493517638763	0.000584529538703652	0.000531726338177951
g1_cantidad_descuentos_totales_tc	0.000129232652208156	0.00414315560178805	0.0021269053527118
tmobile_app_lag_1	0.000128147916996707	0.00102163558757076	0.000886210563629919
mtransferencias_emitidas_lag_1	0.000127248568707736	0.00204040155867949	0.00159517901453385
g2_mpasivos_margen_sobre_g1_m_activos_pasivos_margen_absoluto	0.000123286765083519	0.00101392017224756	0.00159517901453385
g2_g1_monto_total_acreditaciones_sobre_g1_transacciones_totales_tc_lag_1	0.000122909624251369	0.000212235847561768	0.0010634526763559
Master_madelantodolares_lag_1	0.000122324135317058	0.000710722352075381	0.000886210563629919
g2_g1_monto_total_prestamos_sobre_g1_monto_total_acreditaciones_lag_3	0.000121654601017006	0.000725669087738821	0.000886210563629919
g2_g2_tarjetas_madelantosdolares_sobre_g1_transacciones_totales_tc_lag_2	0.000119649795923616	0.000770051869419696	0.00159517901453385
asg2_ctrx_quarter_sobre_g1_mtotal_caja_ahorro_lag2	0.00011892113488375	0.000988990290839894	0.0010634526763559
Master_msaldopesos	0.000117277918338166	0.000802826271615549	0.00124069478908189
Master_mpagosdolares	0.000117047152189626	0.000279740023925558	0.000708968450903935
g2_g1_mtotal_caja_ahorro_sobre_mcuentas_saldo_lag_1	0.000114663106458118	0.000964702906112455	0.00124069478908189
g1_cantidad_debitos_en_tc_lag_1	0.000113249738975589	0.00176640824326829	0.00159517901453385
ctrx_quarter_lag_2	0.000108943631647048	0.00156705243371524	0.00177242112725984
g1_monto_total_comisiones_lag_1	0.000108812206282128	0.000133536065523554	0.000531726338177951
g2_g1_mtotal_caja_ahorro_sobre_g1_m_activos_pasivos_margen_absoluto_delta_lag1	0.000103682744968856	0.000340683662646704	0.000531726338177951
mcuentas_saldo_lag_1	0.000103394161171031	0.000553107208138009	0.000886210563629919
Master_msaldototal	0.000100571440131312	8.76116958960995e-05	0.000354484225451967
g2_g1_m_activos_pasivos_margen_absoluto_sobre_mrentabilidad_annual_lag_1	9.95793166274183e-05	7.81989174878116e-05	0.000354484225451967
g2_g1_mtotal_caja_ahorro_sobre_g1_monto_total_prestamos	9.91842900493177e-05	0.00179440473304465	0.00124069478908189
Master_cadelantosefectivo	9.69990378128077e-05	0.000790066045094689	0.000886210563629919
asg2_ctrx_quarter_sobre_g1_monto_total_acreditaciones_lag3	9.58895928728581e-05	0.00132307401746262	0.0010634526763559
g2_ctrx_quarter_sobre_g1_m_activos_pasivos_margen_absoluto	9.50103884852119e-05	0.000450855679866918	0.000886210563629919
g1_mcomisiones_rentabilidad_lag_1	9.44894963084738e-05	0.000303721919665417	0.000531726338177951
mtransferencias_recibidas_lag_1	9.41571451474325e-05	0.000175394724240259	0.000531726338177951
g1_cons_prom_master	9.34603159487701e-05	0.000685335651487217	0.000531726338177951
asg1_transacciones_totales_tc_lag2	9.25505423887999e-05	7.73075038547437e-05	0.000177242112725984
asg2_mcuentas_saldo_sobre_g1_monto_total_acreditaciones_lag2	8.99228928593404e-05	0.000594180525786778	0.000708968450903935
g1_montos_transferencias_totales_absolutas	8.76986361209045e-05	0.000827032637107525	0.00141793690180787
g1_visa_abierta_lag_1	8.67117221577336e-05	6.68669328010758e-05	0.000177242112725984
Master_fultimo_cierre_lag_1	8.29618220182728e-05	0.000962285057756399	0.00124069478908189
g2_g1_mtotal_caja_ahorro_sobre_g1_consumo_total_tc_lag_3	8.26688575640757e-05	0.00075770219423664	0.00124069478908189
g2_g1_mtotal_caja_ahorro_sobre_g1_transacciones_totales_tc	8.15083235351118e-05	0.000695697021692253	0.00124069478908189
g1_montos_transferencias_totales_absolutas_lag_1	8.13995844305493e-05	0.000207128605082917	0.000708968450903935
asg2_g1_consumo_total_tc_sobre_g1_monto_total_acreditaciones_lag3	7.92182455391347e-05	0.00088837248211481	0.000886210563629919
ctarjeta_master	7.70809845201953e-05	0.000547507384870985	0.000886210563629919
g1_montos_transferencias_totales_netas	7.66288190804927e-05	0.000625024407297237	0.0010634526763559
Visa_mpagado	7.38958362481927e-05	0.000729410519664739	0.000708968450903935
g2_mpasivos_margen_sobre_mrentabilidad_annual_lag_1	7.32173693910876e-05	0.000673752325331865	0.000708968450903935
ctrx_quarter_lag_1	7.29001501405594e-05	0.000870958801650881	0.0010634526763559
ctransferencias_emitidas_lag_1	7.22196948894457e-05	0.000813520204567646	0.000886210563629919
g2_mpasivos_margen_sobre_g1_transacciones_totales_tc	7.13559189950765e-05	2.39966448774868e-05	0.000177242112725984
g2_mpasivos_margen_sobre_g1_monto_total_acreditaciones_lag_1	7.03724835608793e-05	0.000343207583567893	0.000531726338177951
mtransferencias_recibidas	6.96514872512246e-05	0.00126439123970113	0.0010634526763559
cseguro_vivienda	6.82367482668368e-05	0.00274713457209102	0.00141793690180787
Visa_msaldopesos	6.77254581505041e-05	0.000586938699211517	0.000886210563629919
asg1_m_activos_pasivos_margen_absoluto_lag3	6.7183661788973e-05	0.000374055505937975	0.000354484225451967
g2_limite_compra_tarjetas_credito	6.61713773624825e-05	0.00139402888590238	0.00124069478908189
ctarjeta_master_transacciones	6.60646085990647e-05	0.00137550922215934	0.000708968450903935
g2_g1_m_activos_pasivos_margen_absoluto_sobre_mcuentas_saldo_delta_lag1	6.57363342904859e-05	0.000470907233493434	0.0010634526763559
chomebanking_transacciones_lag_1	6.45830879447766e-05	0.000344113746338588	0.000708968450903935
Visa_mpagado_lag_1	6.39386636310081e-05	7.86185607597703e-05	0.000177242112725984
g1_cantidad_interacciones_con_linea_caja	6.1612090996982e-05	0.00103578890044701	0.000531726338177951
asmcuentas_saldo_lag2	5.91498897755264e-05	0.000409119055110859	0.000531726338177951
Visa_mpagosdolares	5.56159085935464e-05	0.00014119854558568	0.000354484225451967
Master_cconsumos_lag_1	5.25578793047314e-05	0.00024605622627131	0.000354484225451967
ccomisiones_otras	5.2465534263766e-05	0.000577914853542045	0.000531726338177951
g1_cons_prom_visa_lag_1	4.90590630384258e-05	0.00029285988695296	0.000708968450903935
ccomisiones_otras_lag_1	4.80518937619697e-05	0.000651572248898375	0.000708968450903935
g2_mcuentas_saldo_sobre_g1_monto_total_acreditaciones_lag_1	4.68427954659557e-05	0.000305249364603312	0.000354484225451967
Visa_cadelantosefectivo_lag_1	4.56052437932656e-05	6.69140088156961e-05	0.000177242112725984
Visa_mpagospesos	4.32191255929828e-05	0.000464338614131541	0.000531726338177951
Master_madelantodolares	4.13601984715475e-05	0.000415125590899045	0.000531726338177951
ctarjeta_visa_debitos_automaticos_lag_1	4.09672691204349e-05	0.000356171873499768	0.000531726338177951
mcaja_ahorro_dolares	3.94617170095318e-05	0.000388884450543373	0.000531726338177951
g2_g1_consumo_total_tc_sobre_g1_transacciones_totales_tc	3.85079212830663e-05	0.000374523437482441	0.000531726338177951
Master_mconsumototal	3.8451124910082e-05	0.000221245954308518	0.000354484225451967
Visa_madelantodolares	3.67748226229484e-05	2.47488508965058e-05	0.000177242112725984
asg1_mtotal_cta_corriente_lag2	3.54359809731332e-05	0.000175341788979184	0.000531726338177951
g1_master_limite_compra_sobre_sueldo_lag_1	3.48513977767931e-05	0.000178450624330955	0.000354484225451967
active_quarter	3.32402162960817e-05	0.000194737511088715	0.000354484225451967
Master_mlimitecompra_lag_1	3.24200994477454e-05	0.000120984145316314	0.000354484225451967
matm_other_lag_1	3.21841412955498e-05	0.000315122396922781	0.000354484225451967
g1_comision_promedio	3.10742522551485e-05	0.000142139661792124	0.000354484225451967
ccallcenter_transacciones	3.03413389921416e-05	0.00100491208593062	0.000531726338177951
Master_msaldopesos_lag_1	2.82551129036248e-05	9.00149971575098e-05	0.000177242112725984
g2_g1_consumo_total_tc_sobre_mrentabilidad_annual	2.82386161966016e-05	0.00016571969404237	0.000354484225451967
tcuentas_lag_1	2.78364102524298e-05	0.00118601715094862	0.000708968450903935
Master_mpagado_lag_1	2.71401577138197e-05	7.26445538915584e-05	0.000177242112725984
g2_mcuentas_saldo_sobre_g1_transacciones_totales_tc	2.70134761257344e-05	2.59522188925512e-05	0.000177242112725984
g2_g1_monto_total_prestamos_sobre_g1_transacciones_totales_tc	2.6626055477089e-05	2.33581890568852e-05	0.000177242112725984
g2_g1_mtotal_caja_ahorro_sobre_mrentabilidad_annual	2.62754606075959e-05	0.000111947368896045	0.000354484225451967
Visa_mpagosdolares_lag_1	2.62636034865926e-05	2.67981728548484e-05	0.000177242112725984
g1_cantidad_debitos_totales_lag_1	2.5643641834988e-05	0.00044667258198409	0.000531726338177951
g2_g1_mtotal_caja_ahorro_sobre_g2_limite_compra_tarjetas_credito_lag_1	2.53867026443788e-05	6.33734076130938e-05	0.000177242112725984
cpagomiscuentas_lag_1	2.53034345833776e-05	0.000428967757584247	0.000354484225451967
g1_montos_transferencias_totales_netas_lag_1	2.50550060286025e-05	0.000115474029132944	0.000354484225451967
cpagomiscuentas	2.47099245037416e-05	0.00103578890044701	0.000531726338177951
Visa_mlimitecompra	2.44471150375912e-05	0.00020083638051931	0.000354484225451967
g2_g1_mtotal_caja_ahorro_sobre_g1_consumo_total_tc_lag_1	2.43933938410217e-05	0.000101871889509411	0.000354484225451967
asg2_ctrx_quarter_sobre_g1_consumo_total_tc_lag2	2.41315169342404e-05	2.70481000225966e-05	0.000177242112725984
g1_visa_abierta_lag_3	2.38533934815497e-05	0.000105736769696844	0.000177242112725984
Master_madelantopesos	2.37098953928523e-05	0.000323699323517832	0.000354484225451967
Visa_cconsumos	2.36984503929418e-05	0.000160176442810083	0.000177242112725984
asg2_g1_m_activos_pasivos_margen_absoluto_sobre_g1_monto_total_acreditaciones_lag3	2.32278689688863e-05	0.000152624682301656	0.000177242112725984
Visa_fechaalta_lag_1	2.20677991564224e-05	0.000295302586595705	0.000531726338177951
asg2_ctrx_quarter_sobre_g1_monto_total_acreditaciones_lag2	2.20438832381363e-05	0.000169066333983017	0.000354484225451967
g1_cantidad_pagos_servicio_totales_lag_1	2.20141512029007e-05	0.000507186879370179	0.000354484225451967
Master_msaldototal_lag_1	2.13879190179727e-05	0.000182551086634471	0.000177242112725984
g2_g1_transacciones_totales_tc_sobre_mrentabilidad_annual_lag_1	2.06390098859665e-05	0.000242735043746294	0.000354484225451967
Visa_msaldopesos_lag_1	2.00299697012197e-05	0.000211000354731711	0.000354484225451967
g1_monto_transferencia_promedio	1.97184995141464e-05	3.57840344438543e-05	0.000177242112725984
cliente_antiguedad_lag_1	1.96365560175587e-05	0.000240672386951192	0.000354484225451967
g1_cantidad_pagos_servicio_totales	1.86894728616838e-05	0.000690525933631342	0.000354484225451967
g1_m_activos_pasivos_margen_absoluto_delta_lag1	1.8469657064583e-05	0.000394401436188104	0.000354484225451967
g2_g1_transacciones_totales_tc_sobre_g2_limite_compra_tarjetas_credito_lag_1	1.79824726795054e-05	0.000125383025103067	0.000354484225451967
g1_porcentaje_saldo_cta_corriente	1.72779349079618e-05	0.000571950746779912	0.000354484225451967
mcuenta_corriente_lag_1	1.71140262513496e-05	0.00014402835958041	0.000177242112725984
Visa_msaldototal	1.64774456490435e-05	8.42682886431513e-05	0.000354484225451967
g2_g1_monto_total_prestamos_sobre_g1_transacciones_totales_tc_lag_1	1.64073009884985e-05	2.33581890568852e-05	0.000177242112725984
g1_extraccion_cajero_promedio_lag_1	1.61369681202708e-05	5.78544015385512e-05	0.000177242112725984
g1_visa_limite_compra_sobre_sueldo_lag_1	1.60318168934576e-05	4.05914451385998e-05	0.000177242112725984
g2_g1_mtotal_caja_ahorro_sobre_g1_consumo_total_tcdelta_lag1	1.5513516076382e-05	4.71651155750223e-05	0.000177242112725984
Visa_mpagominimo_lag_1	1.54871279473351e-05	0.000155242755252085	0.000177242112725984
Master_mfinanciacion_limite_lag_1	1.50288719871519e-05	7.63463853931608e-05	0.000177242112725984
g2_ctrx_quarter_sobre_g2_limite_compra_tarjetas_credito_lag_1	1.37439537259818e-05	7.98787028335338e-05	0.000177242112725984
Master_mpagospesos_lag_1	1.36807243438992e-05	0.000107635165548228	0.000177242112725984
g2_g1_m_activos_pasivos_margen_absoluto_sobre_g1_consumo_total_tc_lag_1	1.33899896762906e-05	4.05912430956185e-05	0.000177242112725984
mextraccion_autoservicio	1.33169570733193e-05	0.000192638284514015	0.000177242112725984
g1_consumo_promedio_tc	1.30807833183492e-05	8.51754616287531e-05	0.000177242112725984
matm	1.29585994723533e-05	0.000321904777758786	0.000177242112725984
g1_deuda_promedio_prestamo_lag_1	1.2872445016314e-05	0.000217631203331814	0.000177242112725984
g1_monto_total_cajeros_automaticos	1.2871618710944e-05	0.000192638284514015	0.000177242112725984
Master_mlimitecompra	1.24168165215211e-05	9.62684294687256e-05	0.000177242112725984
Visa_madelantopesos_lag_1	1.19060081587562e-05	6.23706682973831e-05	0.000177242112725984
Master_mpagominimo	1.17527403759173e-05	0.000220320395411627	0.000177242112725984
Master_cconsumos	1.17456450846122e-05	0.000170590142147251	0.000177242112725984
mttarjeta_visa_debitos_automaticos	1.13293006532374e-05	5.67993330907088e-05	0.000177242112725984
g1_cant_seguros_totales	1.13206579735988e-05	7.37464963110399e-05	0.000177242112725984
g1_cantidad_interacciones_con_linea_caja_lag_1	1.10863101368623e-05	2.65967360025889e-05	0.000177242112725984
g2_g1_consumo_total_tc_sobre_mcuentas_saldo_lag_1	1.09815344096179e-05	9.85343415029178e-05	0.000177242112725984
g2_g1_mtotal_caja_ahorro_sobre_g1_m_activos_pasivos_margen_absoluto_lag_1	1.06316760969716e-05	3.81735967825428e-05	0.000177242112725984
Visa_fultimo_cierre_lag_1	1.06054344540202e-05	8.28790411043991e-05	0.000177242112725984
g2_mcuentas_saldo_sobre_mrentabilidad_annual_lag_1	1.00062279221326e-05	4.27557295532469e-05	0.000177242112725984
catm_trx	9.516737412642e-06	0.000321904777758786	0.000177242112725984
g1_master_consumo_total_lag_1	9.23031892689165e-06	7.55753893768899e-05	0.000177242112725984
Visa_fechaalta	8.81023703689537e-06	0.000128868670614782	0.000177242112725984
Master_mpagominimo_lag_1	7.86985458830057e-06	0.000100389298113343	0.000177242112725984
Master_mconsumosdolares_lag_1	7.74543012399772e-06	5.11455643477037e-05	0.000177242112725984
numero_de_cliente	6.97006219887737e-06	0.000123142570484506	0.000177242112725984
Visa_Fvencimiento	5.63415336575027e-06	5.03947726295532e-05	0.000177242112725984
