Feature	Gain	Cover	Frequency
ctrx_quarter	0.122623950201745	0.0160119576413928	0.0124069478908189
mcaja_ahorro	0.0878239882293681	0.0118186434097235	0.00833037929812123
g2_g2_tarjetas_madelantosdolares_sobre_g1_transacciones_totales_tc	0.0556104105268606	0.00394718365871382	0.00496277915632754
g1_consumo_total_tc	0.0346814963456666	0.0106638563090355	0.0102800425381071
mtarjeta_visa_consumo	0.0337490309360622	0.00560929605075974	0.00531726338177951
g1_numero_mes_lag_3	0.0292879248144112	0.0383018198833868	0.0443105281814959
cdescubierto_preacordado	0.0269489244817018	0.0174859043731798	0.0235732009925558
g2_ctrx_quarter_sobre_g1_mtotal_caja_ahorro	0.0260789953888641	0.000946173433919568	0.000886210563629919
mcuentas_saldo	0.025418110979982	0.0134012601084569	0.0129386742289968
g1_visa_abierta	0.0224223769724875	0.00765641838027627	0.0120524636653669
g2_g1_monto_total_prestamos_sobre_g1_monto_total_acreditaciones	0.0222713659043559	0.0107659106072984	0.0115207373271889
g1_mtotal_caja_ahorro	0.0184031623802417	0.00361234063270675	0.00301311591634172
g1_mtotal_cta_corriente	0.0181552894829793	0.0130012172516089	0.0186104218362283
g1_visa_limite_compra_sobre_sueldo	0.0177935534973975	0.0105975842479559	0.00939383197447714
g1_numero_mes	0.0167320172322553	0.014533811205993	0.0198511166253102
g1_transacciones_totales_tc	0.015172677704195	0.00446835203453221	0.00425381070542361
foto_mes	0.0141477060748955	0.0257823162601855	0.0283587380361574
mautoservicio	0.0139306738145423	0.00780170740252138	0.00443105281814959
mcuenta_corriente	0.0138383443732616	0.0127320600881905	0.0154200638071606
ctarjeta_visa_transacciones	0.0138253654353588	0.00181463592690201	0.00159517901453385
g1_acreditaciones_sobre_edad	0.0130874446047043	0.00461217647300005	0.00319035802906771
g2_mpasivos_margen_sobre_g1_transacciones_totales_tc	0.012855975340135	3.07183419522122e-05	0.000177242112725984
g2_g1_mtotal_caja_ahorro_sobre_g2_limite_compra_tarjetas_credito	0.0120535190938272	0.00118686864307415	0.0010634526763559
g2_g1_consumo_total_tc_sobre_g1_monto_total_acreditaciones	0.0104010146588529	0.00404527569315392	0.00407656859269763
g1_monto_total_prestamos	0.00877160189377305	0.0187976683734615	0.0170152428216944
Visa_Finiciomora	0.00874878686036389	0.020757254702242	0.011166253101737
g2_g1_m_activos_pasivos_margen_absoluto_sobre_g1_monto_total_acreditaciones	0.00729920007488783	0.00151202489616258	0.00177242112725984
g2_g1_consumo_total_tc_sobre_g1_monto_total_acreditaciones_delta_lag1	0.00722435746000542	0.000466208870950523	0.000531726338177951
mcaja_ahorro_lag_1	0.00707859084893342	0.000876692995557969	0.00194966323998582
g1_cantidad_total_acreditaciones	0.00692386615911955	0.00207899806371582	0.0010634526763559
g1_m_activos_pasivos_margen_absoluto	0.00665891679037122	0.00992123426878688	0.0140021269053527
g2_mpasivos_margen_sobre_g1_monto_total_acreditaciones	0.00644636629411725	0.00063442573628222	0.000531726338177951
g1_visa_limite_compra_sobre_sueldo_delta_lag1	0.00628748575947192	0.00657744229667204	0.0054945054945055
g2_g1_m_activos_pasivos_margen_absoluto_sobre_g2_limite_compra_tarjetas_credito_lag_1	0.00625747005017402	0.00355282475762443	0.00584898971995746
g1_master_abierta	0.00625660049527635	0.00398723454018319	0.00886210563629919
g1_cant_cuentas_visa_y_master	0.00608321779029662	0.00293802643107111	0.0021269053527118
g2_g1_m_activos_pasivos_margen_absoluto_sobre_mcuentas_saldo	0.00601032647220334	0.00153996046810798	0.00230414746543779
mprestamos_personales	0.00599940879101987	0.012482915996739	0.0131159163417228
g2_mpasivos_margen_sobre_g1_monto_total_prestamos	0.00570181644846533	0.00444520277022386	0.00691244239631337
g2_ctrx_quarter_sobre_g1_monto_total_prestamos	0.00481080094967204	0.00335430096394762	0.00584898971995746
mpayroll	0.00462885264798541	0.00346940938149336	0.00248138957816377
tcallcenter	0.00456272072816653	0.0182956575969592	0.0177242112725984
g1_numero_mes_lag_1	0.00426334210630978	0.00599956453948047	0.00815313718539525
ctarjeta_visa_delta_lag1	0.004208391563118	0.00485099548200358	0.00248138957816377
g2_g1_monto_total_prestamos_sobre_g1_monto_total_acreditaciones_delta_lag1	0.00409093639352866	0.00216593671379315	0.00159517901453385
mcuenta_debitos_automaticos	0.0039214731604916	0.0191300763743293	0.0116979794399149
ccaja_seguridad	0.00390448011724831	0.0221759793463021	0.011343495214463
g2_g1_mtotal_caja_ahorro_sobre_g1_monto_total_prestamos	0.00385871473995743	0.00464839546962618	0.00815313718539525
asg1_monto_total_acreditaciones_lag3	0.00385348862751145	0.00271704703792079	0.00514002126905353
g2_g1_mtotal_caja_ahorro_sobre_g1_consumo_total_tcdelta_lag1	0.00383644404076032	0.000253429159839363	0.000531726338177951
g2_mpasivos_margen_sobre_mrentabilidad_annual	0.00376546164670849	0.000412959297550696	0.000886210563629919
g1_visa_abierta_delta_lag1	0.00369157512327043	0.00511374278492536	0.00265863169088976
Visa_Finiciomora_lag_1	0.00361689342460457	0.0057141919213685	0.00301311591634172
g1_monto_pago_servicios_totales	0.00338865111121198	0.0134960452210054	0.00797589507266927
g2_g1_monto_total_prestamos_sobre_mrentabilidad_annual	0.00323428295918823	0.00607980661696635	0.00691244239631337
asctarjeta_visa_lag3	0.00315264066232805	0.00191185444245627	0.00283587380361574
g2_g1_m_activos_pasivos_margen_absoluto_sobre_mcuentas_saldo_lag_1	0.00304823552929512	0.000538247211063503	0.00141793690180787
mrentabilidad_annual	0.00294492106453892	0.0188058783966017	0.0187876639489543
ctrx_quarter_delta_lag1	0.00285893011261592	0.0203448603126802	0.0138248847926267
g2_mcuentas_saldo_sobre_g1_monto_total_acreditaciones	0.00284148338535101	0.000731331180072376	0.000886210563629919
asg1_m_activos_pasivos_margen_absoluto_lag2	0.0027586011757335	0.00565931879510911	0.0065579581708614
thomebanking	0.00272546950012003	0.00831866492255928	0.0154200638071606
g2_g1_mtotal_caja_ahorro_sobre_mrentabilidad_annual	0.00269641530955409	0.000552812955994968	0.0010634526763559
Visa_delinquency	0.0025690382632054	0.00401438256631786	0.00425381070542361
g2_g1_mtotal_caja_ahorro_sobre_g1_monto_total_acreditaciones	0.00244728494372564	0.000663829744571932	0.0010634526763559
mcuentas_saldo_delta_lag1	0.00239031339967772	0.012529078468909	0.00903934774902517
mpayroll_lag_1	0.00238704819042823	0.00034649967728597	0.000177242112725984
cmobile_app_trx_lag_1	0.00236206681961814	0.00295377998325264	0.00620347394540943
g2_mcuentas_saldo_sobre_g2_limite_compra_tarjetas_credito	0.00233605805454882	0.00150047408909407	0.00319035802906771
asmautoservicio_lag3	0.00231760138726827	0.000690621915171628	0.00248138957816377
asg1_transacciones_totales_tc_lag3	0.00228972051936789	0.00145696096645111	0.00283587380361574
g2_ctrx_quarter_sobre_g1_m_activos_pasivos_margen_absoluto_lag_1	0.0022636414877569	0.000814166035179729	0.00194966323998582
ctarjeta_visa	0.00218671358544335	0.00194789196289789	0.00159517901453385
g1_monto_total_debitado_tc	0.00213850489760626	0.00284790616891444	0.00319035802906771
g1_visa_en_proceso_cierre	0.00211478903859522	0.00450449580471761	0.00230414746543779
ccaja_seguridad_lag_1	0.00209371073825529	0.00586513124010222	0.00301311591634172
g2_g1_consumo_total_tc_sobre_g1_monto_total_prestamos_lag_1	0.00205291964561506	0.0104964555796174	0.00939383197447714
g1_c_cuentas	0.00201479157045567	0.0128204880595809	0.0065579581708614
g1_mtotal_cta_corriente_delta_lag1	0.00195536167597987	0.0100409197387491	0.00850762141084722
g1_transacciones_totales_tc_delta_lag1	0.00184752400650706	0.0107550299441291	0.00726692662176533
g2_mpasivos_margen_sobre_g2_limite_compra_tarjetas_credito_lag_1	0.00182258417066158	0.00075209388047952	0.00141793690180787
chomebanking_transacciones	0.00178970513278632	0.0142158519536785	0.0125841900035448
g1_monto_total_acreditaciones	0.00176063052660697	0.00264864247959825	0.00159517901453385
asmcuentas_saldo_lag3	0.00170583600079191	0.000175373921068398	0.000531726338177951
g2_mrentabilidad_annual_sobre_g2_limite_compra_tarjetas_credito_lag_1	0.00170244366762822	0.00216078116801981	0.00496277915632754
g2_g1_consumo_total_tc_sobre_g1_monto_total_prestamos	0.0017005227429243	0.000742283622648739	0.0021269053527118
cliente_edad_lag_1	0.00163629620371115	0.0128935536157282	0.011166253101737
mpasivos_margen	0.00161584053292233	0.00213089498054938	0.00248138957816377
g2_g1_m_activos_pasivos_margen_absoluto_sobre_g1_monto_total_acreditaciones_delta_lag1	0.0015952776985943	0.0044861148018112	0.00265863169088976
internet_lag_1	0.00157354778398682	0.0128204880595809	0.0065579581708614
g2_g1_monto_total_acreditaciones_sobre_g1_transacciones_totales_tc	0.00156840151974305	0.000983090353480952	0.00265863169088976
cpayroll_trx	0.00154203116182944	0.00034649967728597	0.000177242112725984
g1_monto_total_comisiones	0.00148843398423615	0.00377832807831935	0.00460829493087558
g2_g1_m_activos_pasivos_margen_absoluto_sobre_mrentabilidad_annual	0.00140423869014572	0.000465222613786931	0.000708968450903935
asg2_g1_mtotal_caja_ahorro_sobre_g1_m_activos_pasivos_margen_absoluto_lag3	0.0013835873091072	0.00312169715942156	0.00407656859269763
g1_monto_total_acreditaciones_lag_1	0.00137327076331238	4.8552483104882e-05	0.000177242112725984
asg1_visa_limite_compra_sobre_sueldo_lag3	0.00134434749890688	0.00777264485333189	0.00708968450903935
g2_g1_consumo_total_tc_sobre_g2_limite_compra_tarjetas_credito	0.00133797311634473	0.00202332867267818	0.00372208436724566
g2_g1_m_activos_pasivos_margen_absoluto_sobre_g2_limite_compra_tarjetas_credito	0.00132505801390297	0.00285943021078032	0.00744416873449132
g1_dinero_prom_por_inversion	0.00129857888803113	0.0111054634979016	0.00584898971995746
internet	0.00127816429439069	0.0199576572507274	0.010989010989011
ccaja_ahorro	0.00126550867166813	0.0116869500965812	0.00620347394540943
g2_ctrx_quarter_sobre_g1_monto_total_acreditaciones	0.0012548916906776	0.00224330558732999	0.0021269053527118
mcomisiones_mantenimiento	0.00122559653565609	0.00787099440146397	0.00744416873449132
mtarjeta_visa_consumo_lag_3	0.00122465620896911	0.000235411109301952	0.000708968450903935
g2_g1_consumo_total_tc_sobre_mrentabilidad_annual	0.00120446133515226	0.00023183775198411	0.000886210563629919
ctrx_quarter_lag_3	0.00118864234305912	0.00164552303558225	0.00283587380361574
mactivos_margen	0.00118759711201165	0.00717789954378264	0.00815313718539525
asg1_mtotal_cta_corriente_lag3	0.00118287941995085	0.00274040758511657	0.00354484225451967
asg2_g1_m_activos_pasivos_margen_absoluto_sobre_mcuentas_saldo_lag2	0.00116617744883967	0.00142559458216854	0.00301311591634172
Visa_status	0.00115642139280785	0.00249046844548686	0.00283587380361574
g2_ctrx_quarter_sobre_g1_monto_total_acreditaciones_delta_lag1	0.00114314852039039	0.00358366232638836	0.00319035802906771
g1_master_limite_compra_sobre_sueldo	0.00112264302806017	0.00202417319592785	0.00194966323998582
cproductos	0.00111891674683128	0.00895334634763329	0.00496277915632754
g2_g2_tarjetas_madelantosdolares_sobre_mrentabilidad_annual_lag_1	0.00109447028581815	0.000946929145360503	0.00194966323998582
tmobile_app	0.00106020292230132	0.0121974914703552	0.0097483161999291
g2_g2_tarjetas_madelantosdolares_sobre_g1_transacciones_totales_tc_lag_3	0.00102180354101912	0.00482432233544892	0.00673520028358738
g1_numero_mes_delta_lag1	0.00101413651795321	0.0121526980788531	0.00673520028358738
mpagomiscuentas	0.000981589808257361	0.0037099192618964	0.0021269053527118
ctarjeta_debito_transacciones	0.000978230958576315	0.00034649967728597	0.000177242112725984
cliente_edad	0.000939445378374384	0.00770133728435739	0.00744416873449132
g1_numero_mes_lag_2	0.000889357992677906	0.00115168902848351	0.00319035802906771
ctrx_quarter_lag_2	0.000885251379073019	0.00059897360326479	0.000886210563629919
ccajas_consultas	0.000862646765837595	0.011434489350437	0.00584898971995746
g1_monto_total_plazos_fijos	0.000839125575647445	0.00856998145629102	0.00443105281814959
g2_g1_mtotal_caja_ahorro_sobre_g1_consumo_total_tc	0.000824730129080586	0.00053502991204732	0.00124069478908189
g2_g1_monto_total_prestamos_sobre_g1_monto_total_acreditaciones_lag_1	0.000793718259107426	0.000547832195105478	0.000886210563629919
asg2_g1_mtotal_caja_ahorro_sobre_g1_m_activos_pasivos_margen_absoluto_lag2	0.000792625654391794	0.00196978062671569	0.00354484225451967
g2_ctrx_quarter_sobre_g1_consumo_total_tc	0.000782569935471358	0.00125817175118155	0.00177242112725984
g2_mcuentas_saldo_sobre_mrentabilidad_annual	0.0007700303274017	7.55942594957757e-05	0.000354484225451967
mtarjeta_master_consumo	0.000761233027737729	0.00404710322930019	0.00319035802906771
asg1_m_activos_pasivos_margen_absoluto_lag3	0.00074229666185346	4.97287326538126e-05	0.000354484225451967
g1_visa_limite_compra_sobre_sueldo_lag_1	0.000665933525863258	0.000422119688150943	0.000354484225451967
mcomisiones_mantenimiento_lag_1	0.000656171774453233	0.00482144933426657	0.00478553704360156
g2_g1_m_activos_pasivos_margen_absoluto_sobre_g1_monto_total_prestamos_lag_1	0.000629898670522894	0.00278953430347789	0.00283587380361574
mcomisiones_otras	0.000628483399715553	0.00160089145189604	0.00248138957816377
g2_g1_mtotal_caja_ahorro_sobre_mcuentas_saldo	0.000621631383362721	0.00161104195222692	0.00248138957816377
mrentabilidad	0.000599634318552022	0.00374312392895962	0.00389932647997164
g1_m_activos_pasivos_margen_neto	0.000597357802623947	0.00306538885055446	0.00514002126905353
g2_ctrx_quarter_sobre_g1_m_activos_pasivos_margen_absoluto	0.000589956940403896	0.00103843470951998	0.00319035802906771
asg2_g1_m_activos_pasivos_margen_absoluto_sobre_mcuentas_saldo_lag3	0.000584047649117641	0.00121205246831579	0.00177242112725984
asg1_consumo_total_tc_lag3	0.0005620860815623	0.000206105645621926	0.000531726338177951
g2_g1_mtotal_caja_ahorro_sobre_g1_transacciones_totales_tc	0.000520721519450417	0.00178130473342635	0.00283587380361574
g2_g1_mtotal_caja_ahorro_sobre_g1_consumo_total_tc_lag_1	0.000518504217514192	0.000629737973254859	0.000708968450903935
Master_mpagospesos	0.000500996199586543	0.00802616464988016	0.00531726338177951
g2_mpasivos_margen_sobre_mcuentas_saldo	0.000490964012316986	0.00151427337595022	0.00230414746543779
ccajas_transacciones	0.000482462881599555	0.00402336249456704	0.00443105281814959
g2_ctrx_quarter_sobre_g1_monto_total_prestamos_lag_1	0.000463921527597357	0.00195874606363126	0.00194966323998582
mpasivos_margen_lag_1	0.000457528292080553	0.000250628546364129	0.000531726338177951
ascdescubierto_preacordado_lag3	0.00045359128237377	0.00524305358950019	0.00443105281814959
g2_mpasivos_margen_sobre_g1_m_activos_pasivos_margen_absoluto_lag_1	0.000448074290099115	0.000403188984757174	0.00124069478908189
g2_mcuentas_saldo_sobre_g1_monto_total_prestamos_lag_1	0.000444691826277781	0.00130827073580508	0.00177242112725984
g2_g1_monto_total_prestamos_sobre_g2_limite_compra_tarjetas_credito	0.000417564460986381	0.000605280255517916	0.00177242112725984
g2_mrentabilidad_annual_sobre_g2_limite_compra_tarjetas_credito	0.000410237524228895	0.00160208655874682	0.00336760014179369
g2_g1_monto_total_prestamos_sobre_mrentabilidad_annual_lag_1	0.000395256982854712	0.000172345397837434	0.000531726338177951
Visa_madelantodolares_lag_1	0.000382970086248172	5.83071828635359e-05	0.000177242112725984
g2_limite_compra_tarjetas_credito	0.000381387387200916	0.00203399724189332	0.00159517901453385
g2_g1_mtotal_caja_ahorro_sobre_mpasivos_margen	0.00037588200891963	0.00183204081097916	0.00194966323998582
asg2_ctrx_quarter_sobre_g1_mtotal_caja_ahorro_lag3	0.000373626854139832	0.00450599080349787	0.00389932647997164
g2_ctrx_quarter_sobre_mpasivos_margen_lag_1	0.00036642027974271	0.0007404465564682	0.000886210563629919
g2_g1_monto_total_acreditaciones_sobre_g2_limite_compra_tarjetas_credito	0.000359097727297365	0.00057517528279265	0.00141793690180787
mcomisiones	0.000327564645409337	0.000792477502081598	0.00141793690180787
Master_delinquency	0.000322425200977538	0.00130827256070526	0.00159517901453385
g2_mpasivos_margen_sobre_g1_m_activos_pasivos_margen_absoluto	0.000322405461261726	0.000708951618106334	0.00159517901453385
asg1_monto_total_acreditaciones_lag2	0.000320065582124478	0.000134180854853438	0.000354484225451967
g2_mpasivos_margen_sobre_g1_monto_total_prestamos_lag_1	0.000314735673253905	0.00124526970691358	0.00141793690180787
g2_g1_mtotal_caja_ahorro_sobre_g2_limite_compra_tarjetas_credito_lag_1	0.000310383928447121	0.000566833258539495	0.00141793690180787
g2_g1_monto_total_acreditaciones_sobre_mrentabilidad_annual	0.000302719087226105	0.00159990418089901	0.00177242112725984
g2_ctrx_quarter_sobre_mcuentas_saldo	0.000294664766584636	0.00109876509838235	0.00283587380361574
cmobile_app_trx	0.000291400891601351	0.00105967756144098	0.00177242112725984
Master_cadelantosefectivo	0.000282926568911052	0.000544766565570867	0.000886210563629919
Visa_mconsumosdolares	0.000282051316057383	0.000911390025434524	0.00159517901453385
mttarjeta_visa_debitos_automaticos_lag_1	0.000277144475263897	0.00414319882294409	0.00372208436724566
g1_monto_debitos_en_tc_lag_1	0.000273504150578026	0.00203734958352277	0.00301311591634172
asg1_visa_limite_compra_sobre_sueldo_lag2	0.000273024648402206	0.00118656631794444	0.00159517901453385
g1_mcomisiones_rentabilidad_lag_1	0.000272013457125329	0.000338240179074259	0.000531726338177951
g2_g1_consumo_total_tc_sobre_mcuentas_saldo	0.000267880611372505	0.000591045425818973	0.000886210563629919
g2_g1_mtotal_caja_ahorro_sobre_g1_monto_total_prestamos_lag_1	0.000264204277481376	0.00143378088160639	0.0021269053527118
Master_status	0.00026387308353135	0.000724822369432716	0.00177242112725984
g2_g1_transacciones_totales_tc_sobre_mrentabilidad_annual	0.000263623604621986	0.000277890527376664	0.000708968450903935
cliente_antiguedad	0.000260331324410368	0.00181876101237407	0.00301311591634172
Visa_mfinanciacion_limite	0.000253949691029081	0.00197689631804833	0.0010634526763559
g2_ctrx_quarter_sobre_mrentabilidad_annual_lag_1	0.000242707550640345	0.0003460651482766	0.0010634526763559
g1_cons_prom_master	0.000239974774443275	0.00174888781494054	0.0010634526763559
g1_cantidad_comisiones_totales_lag_1	0.000239735317997227	0.000368808676445078	0.000531726338177951
Visa_cadelantosefectivo	0.00023764867000638	0.000259024101022545	0.000531726338177951
g1_consumo_total_tc_delta_lag1	0.000231697858191161	0.00136281761046573	0.00141793690180787
Master_mpagosdolares	0.000217009147336111	0.00132616692356385	0.00177242112725984
g2_g1_mtotal_caja_ahorro_sobre_mrentabilidad_annual_lag_1	0.000216435861403387	0.000262732095420286	0.000708968450903935
ccomisiones_mantenimiento_lag_1	0.000213866540034464	0.00501331994742287	0.00265863169088976
g2_g1_transacciones_totales_tc_sobre_mrentabilidad_annual_lag_1	0.000209836367303588	0.000174615979193911	0.000531726338177951
asg2_ctrx_quarter_sobre_g1_consumo_total_tc_lag2	0.000201620846888218	7.79337815256948e-05	0.000177242112725984
Visa_mpagominimo	0.000197063813780124	0.00194317642083447	0.00265863169088976
ascdescubierto_preacordado_lag2	0.000197004482756424	0.00241294384713471	0.00248138957816377
Master_madelantodolares_lag_1	0.000180431931342832	0.000657318095198659	0.00124069478908189
cprestamos_personales_lag_1	0.000177881172153394	0.000739913888382518	0.0010634526763559
g2_mcuentas_saldo_sobre_g1_monto_total_acreditaciones_delta_lag1	0.000176840351711564	0.000706282600210699	0.000531726338177951
g1_cant_inversiones_totales	0.000175428733122851	0.00277199741828776	0.00141793690180787
ctarjeta_master	0.000171233267081102	0.000527022452827045	0.000886210563629919
asg2_mcuentas_saldo_sobre_g1_monto_total_acreditaciones_lag2	0.000164787105327726	0.000697585734256006	0.000886210563629919
g1_cons_prom_visa	0.000161811931937141	0.000659850448347529	0.00141793690180787
mtarjeta_visa_consumo_delta_lag1	0.000159555906894068	0.00104805396113199	0.0010634526763559
g2_ctrx_quarter_sobre_mcuentas_saldo_lag_1	0.000153373426148664	0.00129175701131551	0.00177242112725984
Visa_cadelantosefectivo_lag_1	0.000147001902875689	6.69679563480162e-05	0.000177242112725984
g2_mcuentas_saldo_sobre_mrentabilidad_annual_lag_1	0.000144889184106812	7.11834757623011e-05	0.000177242112725984
g2_g1_transacciones_totales_tc_sobre_g2_limite_compra_tarjetas_credito	0.000137413343137544	0.000955470692033267	0.00141793690180787
mtransferencias_recibidas	0.000134242607462647	0.00183038055734933	0.0021269053527118
asg2_mcuentas_saldo_sobre_g1_monto_total_acreditaciones_lag3	0.000131231529009684	0.000829867476322806	0.000886210563629919
asmcuentas_saldo_lag2	0.000130639061195782	0.000645843528404317	0.000886210563629919
asg2_g1_m_activos_pasivos_margen_absoluto_sobre_g1_monto_total_acreditaciones_lag2	0.000130424117509032	0.000642806894505888	0.000886210563629919
g1_cantidad_descuentos_totales_tc	0.000130209402730395	0.0041429733463886	0.0021269053527118
g1_porcentaje_saldo_caja_ahorro	0.000123128497856052	0.00149322051641456	0.00141793690180787
g1_montos_transferencias_totales_absolutas	0.000122268161149945	0.00159433113851798	0.00177242112725984
mcaja_ahorro_dolares_lag_1	0.000120357163530955	0.00131854512658147	0.00141793690180787
mtransferencias_emitidas_lag_1	0.000118679511439409	0.00160677776880785	0.00141793690180787
asg2_g1_m_activos_pasivos_margen_absoluto_sobre_g1_monto_total_acreditaciones_lag3	0.000113596539773253	0.000663440432533672	0.0010634526763559
Master_mpagosdolares_lag_1	0.000113484402122625	0.000745041452353102	0.00124069478908189
mprestamos_personales_lag_1	0.000112179622271065	0.000754993849631184	0.0010634526763559
g1_deuda_promedio_prestamo_lag_1	0.000109594574296126	0.000405015101536638	0.000531726338177951
g1_cantidad_debitos_en_tc_lag_1	0.000109324983437488	0.00153572548309178	0.00159517901453385
g2_g1_monto_total_prestamos_sobre_g2_limite_compra_tarjetas_credito_lag_1	0.000109016284349569	0.000144443282395322	0.000708968450903935
g2_g1_monto_total_prestamos_sobre_g1_transacciones_totales_tc	0.000108015432089118	4.65075810705837e-05	0.000354484225451967
asg2_g1_consumo_total_tc_sobre_g1_monto_total_acreditaciones_lag3	0.000106045498364478	0.000455001550649111	0.000531726338177951
Visa_mpagado	0.000105882851932549	0.000100819449141476	0.000531726338177951
asg2_ctrx_quarter_sobre_g1_monto_total_acreditaciones_lag3	0.000104855223609613	0.00094972002603478	0.000886210563629919
g2_g1_transacciones_totales_tc_sobre_g2_limite_compra_tarjetas_credito_lag_1	0.000104456959582553	0.000199078157797958	0.0010634526763559
g2_g1_mtotal_caja_ahorro_sobre_mcuentas_saldo_lag_1	0.000104077188134538	0.000940371873482747	0.00141793690180787
g2_g2_tarjetas_madelantosdolares_sobre_g1_transacciones_totales_tc_lag_2	0.000103644910114824	0.000379195805499218	0.000708968450903935
ctarjeta_visa_debitos_automaticos_lag_1	0.000101594137799503	0.00141557912445093	0.00124069478908189
g2_mpasivos_margen_sobre_g1_consumo_total_tc_lag_1	0.000100936772473404	4.49493190841104e-05	0.000177242112725984
asg1_mtotal_cta_corriente_lag2	0.000100709678612119	0.000644545416076743	0.0010634526763559
g1_cantidad_total_prestamos_lag_1	0.000100192554047516	0.000580380506404199	0.000886210563629919
g2_g1_mtotal_caja_ahorro_sobre_g1_monto_total_acreditaciones_lag_1	9.72480399083926e-05	0.000612685497679008	0.000708968450903935
g2_mcuentas_saldo_sobre_g1_monto_total_acreditaciones_lag_1	9.68344215087791e-05	0.0005963477746734	0.000708968450903935
ccomisiones_otras_lag_1	9.53511211694536e-05	0.000326894977425964	0.000708968450903935
Visa_delinquency_lag_1	9.49915420978888e-05	0.000430007515026128	0.000708968450903935
Visa_madelantopesos	9.46411064618635e-05	0.00013973950079972	0.000354484225451967
g2_ctrx_quarter_sobre_g1_consumo_total_tc_delta_lag1	9.41352009725791e-05	0.00100077606941904	0.00124069478908189
mtransferencias_emitidas	9.13546345358269e-05	0.00163841991578419	0.00124069478908189
g2_mcuentas_saldo_sobre_g2_limite_compra_tarjetas_credito_lag_1	9.04879445984741e-05	0.00132550874289916	0.00159517901453385
g1_mtotal_caja_ahorro_lag_3	9.00371456439803e-05	0.000104782321264265	0.000354484225451967
g1_montos_transferencias_totales_netas	8.73109191060645e-05	0.00100691766958927	0.00124069478908189
asg2_ctrx_quarter_sobre_g1_mtotal_caja_ahorro_lag2	8.55789745470929e-05	0.00120325604391798	0.00124069478908189
cplazo_fijo	8.50391452879467e-05	0.00173249838642985	0.000886210563629919
g2_g1_mtotal_caja_ahorro_sobre_g1_m_activos_pasivos_margen_absoluto	8.05582390785461e-05	0.000466183119581326	0.0010634526763559
Master_fultimo_cierre_lag_1	7.8783670179193e-05	0.00127320588715904	0.00124069478908189
g2_ctrx_quarter_sobre_g1_mtotal_caja_ahorro_lag_1	7.75011866995968e-05	0.000754397918339285	0.000886210563629919
Master_msaldototal	7.60421707270161e-05	0.000381328099975439	0.000708968450903935
g1_deuda_promedio_prestamo	7.59919717965616e-05	0.000552913325504832	0.000708968450903935
mplazo_fijo_dolares	7.59141100424642e-05	0.00102571718293682	0.000531726338177951
g1_cant_cuentas_visa_y_master_lag_1	7.50000727304488e-05	3.22169905328268e-05	0.000177242112725984
Master_mconsumosdolares_lag_1	7.47509361521366e-05	0.000253519391014897	0.000354484225451967
Master_cconsumos_lag_1	7.35731348271811e-05	0.000308800686614394	0.000531726338177951
cseguro_vivienda	7.22975216843202e-05	0.00272904149849956	0.00141793690180787
Master_madelantopesos_lag_1	7.01615027504718e-05	0.000523496948447238	0.000531726338177951
g2_g1_m_activos_pasivos_margen_absoluto_sobre_g1_monto_total_acreditaciones_lag_1	6.76917007302415e-05	0.00016958351279934	0.000177242112725984
mcaja_ahorro_dolares	6.65694091070679e-05	0.000779846354106925	0.000886210563629919
Master_cconsumos	6.63583831517338e-05	0.000634777333716774	0.000708968450903935
tmobile_app_lag_1	6.5825874827725e-05	0.000715909962490172	0.000708968450903935
cpagomiscuentas_lag_1	6.54177528006114e-05	0.00152761887096176	0.0010634526763559
g1_cantidad_interacciones_con_linea_caja	6.4843107339299e-05	0.00103949903185791	0.000531726338177951
Visa_msaldopesos	6.4721225111556e-05	0.000274612601121189	0.000886210563629919
g2_g1_m_activos_pasivos_margen_absoluto_sobre_g1_monto_total_prestamos	6.39802124303649e-05	0.000981549529429526	0.000708968450903935
Master_madelantodolares	5.92247979623719e-05	0.000100446763971516	0.000354484225451967
asg2_ctrx_quarter_sobre_g1_monto_total_acreditaciones_lag2	5.44099261587698e-05	0.00046687637888279	0.000531726338177951
g2_mpasivos_margen_sobre_mrentabilidad_annual_lag_1	5.31812871259911e-05	0.000501767659245102	0.000886210563629919
chomebanking_transacciones_lag_1	5.27777164520742e-05	0.000236883195446623	0.000531726338177951
mcuentas_saldo_lag_1	5.22700085691814e-05	0.000500013727406066	0.000531726338177951
mrentabilidad_annual_lag_1	5.18858069242909e-05	0.000748061256616543	0.000708968450903935
mcuenta_debitos_automaticos_lag_1	4.93309851314106e-05	0.000170035479743757	0.000177242112725984
Master_mconsumototal_lag_1	4.70191286778569e-05	5.87317763052633e-05	0.000354484225451967
g2_g1_monto_total_prestamos_sobre_g1_monto_total_acreditaciones_lag_3	4.56782375403938e-05	0.000179359908593459	0.000354484225451967
asg2_ctrx_quarter_sobre_g1_consumo_total_tc_lag3	4.50997279657817e-05	0.000106808974296769	0.000354484225451967
g2_g1_monto_total_prestamos_sobre_g1_monto_total_acreditaciones_lag_2	4.3668973896184e-05	9.6537422253988e-05	0.000177242112725984
g1_cantidad_pagos_servicio_totales	4.2281341165663e-05	0.00173249838642985	0.000886210563629919
g2_mpasivos_margen_sobre_g1_monto_total_acreditaciones_lag_1	4.13541457616352e-05	0.000295341642258358	0.000354484225451967
g2_g1_consumo_total_tc_sobre_g2_limite_compra_tarjetas_credito_lag_1	4.09448199046945e-05	8.94801277270913e-05	0.000531726338177951
g1_cons_prom_visa_lag_1	3.98679783997535e-05	0.000179131998837728	0.000531726338177951
g2_g1_m_activos_pasivos_margen_absoluto_sobre_g1_consumo_total_tc	3.95671209613724e-05	0.000479609924034193	0.000708968450903935
Visa_mpagospesos	3.90748803584131e-05	0.000408249838487869	0.000708968450903935
Master_mconsumosdolares	3.83168846543798e-05	0.000184846369599314	0.000354484225451967
ccomisiones_otras	3.79980290578547e-05	0.00032566296703822	0.000354484225451967
ctransferencias_emitidas_lag_1	3.76272422532652e-05	0.000472798991031508	0.000531726338177951
Visa_mlimitecompra	3.74923777390649e-05	0.000472434010995639	0.000708968450903935
g2_ctrx_quarter_sobre_g1_transacciones_totales_tc	3.69573220389635e-05	0.000230804858482601	0.000531726338177951
ctrx_quarter_lag_1	3.65813739751022e-05	0.000711044170311981	0.000708968450903935
cprestamos_personales	3.48202194004913e-05	0.000182860675437501	0.000177242112725984
tcuentas_lag_1	3.48111373164505e-05	0.000751967962367145	0.000531726338177951
Visa_msaldototal	3.47181727825e-05	0.000609572217973047	0.000531726338177951
g2_ctrx_quarter_sobre_g2_limite_compra_tarjetas_credito	3.4588877850151e-05	0.00018741704565195	0.000708968450903935
g2_g1_mtotal_caja_ahorro_sobre_g1_m_activos_pasivos_margen_absoluto_lag_1	3.4052314656082e-05	0.00020082641216977	0.000354484225451967
g1_dinero_prom_por_plazo_fijo	3.4027079598887e-05	0.00103949903185791	0.000531726338177951
ctarjeta_master_transacciones	3.33023343449064e-05	0.00138599870914388	0.000708968450903935
g2_g1_monto_total_acreditaciones_sobre_g1_transacciones_totales_tc_lag_1	3.29962816203719e-05	4.68837132742152e-05	0.000354484225451967
g2_g1_m_activos_pasivos_margen_absoluto_sobre_mrentabilidad_annual_lag_1	3.27833785154015e-05	5.86013973257835e-05	0.000354484225451967
Master_mpagominimo	3.09506607687054e-05	0.000371981569556898	0.000531726338177951
matm	3.07003095338311e-05	0.000378014486783123	0.000354484225451967
g2_g1_m_activos_pasivos_margen_absoluto_sobre_mcuentas_saldo_delta_lag1	2.99731963182247e-05	0.000264827486359546	0.000354484225451967
g1_monto_total_cajeros_automaticos	2.94435008830968e-05	0.000377337043283213	0.000354484225451967
g1_consumo_promedio_tc	2.81929985477569e-05	0.000267374235943164	0.000354484225451967
Master_msaldopesos_lag_1	2.6526825373171e-05	0.000183461878663251	0.000531726338177951
Visa_mpagosdolares	2.6041792797969e-05	8.43495222562088e-05	0.000354484225451967
g1_montos_transferencias_totales_absolutas_lag_1	2.59778330872504e-05	5.30916181509705e-05	0.000177242112725984
Visa_mpagosdolares_lag_1	2.52963942579601e-05	3.90228543683473e-05	0.000177242112725984
g2_g1_m_activos_pasivos_margen_absoluto_sobre_g1_consumo_total_tc_lag_1	2.52681931909169e-05	5.32292967311677e-05	0.000177242112725984
g2_ctrx_quarter_sobre_mrentabilidad_annual	2.52300500877337e-05	4.14380083723659e-05	0.000177242112725984
Master_mpagospesos_lag_1	2.34229545829007e-05	0.000233940848057461	0.000354484225451967
g1_transferencias_totales_lag_1	2.33694705116931e-05	0.000202043012289333	0.000354484225451967
g2_g1_monto_total_acreditaciones_sobre_g2_limite_compra_tarjetas_credito_lag_1	2.29778994691368e-05	0.000101171654876089	0.000177242112725984
mcuenta_corriente_lag_1	2.12546276405089e-05	0.000219014178423859	0.000177242112725984
g2_g1_monto_total_prestamos_sobre_g1_transacciones_totales_tc_lag_1	2.09493487697519e-05	3.67484204448248e-05	0.000177242112725984
g1_cantidad_pagos_servicio_totales_lag_1	2.01222965405797e-05	0.000509029139825399	0.000354484225451967
g1_cantidad_interacciones_con_linea_caja_lag_1	1.93793154558426e-05	3.99803186624431e-05	0.000177242112725984
g2_g1_mtotal_caja_ahorro_sobre_g1_consumo_total_tc_lag_3	1.87631407010665e-05	0.000339096462791745	0.000354484225451967
g1_cantidad_debitos_totales_lag_1	1.86559451972149e-05	0.000239821284735367	0.000354484225451967
cpayroll_trx_lag_1	1.79135941253466e-05	0.000153171374419752	0.000177242112725984
g2_g1_mtotal_caja_ahorro_sobre_g1_m_activos_pasivos_margen_absoluto_delta_lag1	1.74311001617373e-05	0.00017115029098665	0.000354484225451967
Visa_mpagominimo_lag_1	1.73163970904583e-05	0.000337028242588488	0.000354484225451967
Visa_mpagospesos_lag_1	1.72376923977024e-05	5.35577787634496e-05	0.000177242112725984
ctarjeta_debito_transacciones_lag_1	1.695489189117e-05	4.18688875813776e-05	0.000177242112725984
g2_ctrx_quarter_sobre_g2_limite_compra_tarjetas_credito_lag_1	1.67830901658489e-05	3.6290573266496e-05	0.000177242112725984
Master_cadelantosefectivo_lag_1	1.61496905911475e-05	0.000297491577436312	0.000354484225451967
g2_ctrx_quarter_sobre_mpasivos_margen	1.53689339966605e-05	4.39800943221922e-05	0.000177242112725984
Master_msaldopesos	1.49930555332388e-05	7.39127153638534e-05	0.000177242112725984
g1_visa_consumo_total_lag_1	1.48546022141447e-05	9.81027810744921e-05	0.000177242112725984
g2_mpasivos_margen_sobre_g1_consumo_total_tc	1.48451551144647e-05	5.93536617330464e-05	0.000177242112725984
Master_Fvencimiento_lag_1	1.4754401812261e-05	0.000271835103048227	0.000354484225451967
g1_mtotal_caja_ahorro_lag_1	1.46542395617293e-05	4.04852077120617e-05	0.000177242112725984
g1_master_consumo_total_lag_1	1.40863350318902e-05	0.000226012062311584	0.000177242112725984
Master_mfinanciacion_limite	1.40832128077218e-05	0.000291555785452966	0.000177242112725984
Visa_cconsumos_lag_1	1.32949017299553e-05	7.81730462158754e-05	0.000177242112725984
cextraccion_autoservicio_lag_1	1.31065536601062e-05	2.98419843327538e-05	0.000177242112725984
Master_mconsumototal	1.30061403324329e-05	4.30161414941253e-05	0.000177242112725984
g2_mcuentas_saldo_sobre_g1_transacciones_totales_tc_lag_1	1.2882943429718e-05	0.000314277212052605	0.000177242112725984
Visa_madelantopesos_lag_1	1.26807835392823e-05	4.62180302421278e-05	0.000177242112725984
catm_trx_other_lag_1	1.26799380228298e-05	0.000153171374419752	0.000177242112725984
Master_mfinanciacion_limite_lag_1	1.26171842041736e-05	5.63543369049511e-05	0.000177242112725984
Master_mpagominimo_lag_1	1.26033527923521e-05	0.000232178400017588	0.000177242112725984
g2_g1_consumo_total_tc_sobre_g1_monto_total_acreditaciones_lag_1	1.25838244556526e-05	4.71300747984266e-05	0.000177242112725984
Master_msaldototal_lag_1	1.24631156397668e-05	3.55760234629395e-05	0.000177242112725984
cdescubierto_preacordado_lag_1	1.23110340390235e-05	0.00023466594172872	0.000177242112725984
Visa_mconsumosdolares_lag_1	1.21634594534189e-05	2.12440685211175e-05	0.000177242112725984
matm_other_lag_1	1.21507385552795e-05	0.0001624240238624	0.000177242112725984
Master_msaldodolares_lag_1	1.19993251187571e-05	5.81461861143804e-05	0.000177242112725984
g1_montos_transferencias_totales_netas_lag_1	1.14972440447438e-05	0.000121557412012855	0.000177242112725984
g1_cantidad_comisiones_totales	1.13168799186648e-05	0.000193328302866218	0.000177242112725984
g2_g1_consumo_total_tc_sobre_mcuentas_saldo_lag_1	1.06176759638138e-05	8.17778323701398e-05	0.000177242112725984
g1_monto_transferencia_promedio	1.05645455659515e-05	4.95468509359379e-05	0.000177242112725984
Visa_msaldopesos_lag_1	9.977794268163e-06	0.000165977510044956	0.000177242112725984
Master_mpagado	9.68831211942068e-06	4.94677719281664e-05	0.000177242112725984
g1_master_consumo_total	9.44591801925827e-06	0.000154227180556846	0.000177242112725984
mpagomiscuentas_lag_1	8.6176691780823e-06	0.000264984630541656	0.000177242112725984
Visa_fechaalta	8.01730970543816e-06	6.70644732908349e-05	0.000177242112725984
g2_ctrx_quarter_sobre_g1_transacciones_totales_tc_lag_1	7.20527054888567e-06	0.00034649967728597	0.000177242112725984
g1_cant_seguros_totales	7.16604219440216e-06	0.000294245688317319	0.000177242112725984
g2_mcuentas_saldo_sobre_g1_transacciones_totales_tc	6.72239713399043e-06	7.57891182815923e-05	0.000177242112725984
g1_monto_total_debitado_tc_lag_1	6.46917681432456e-06	4.55022638384517e-05	0.000177242112725984
mtarjeta_visa_consumo_lag_1	6.08241490437123e-06	0.00019524323145441	0.000177242112725984
g1_m_activos_pasivos_margen_absoluto_delta_lag1	5.01187662147178e-06	0.000226101279653685	0.000177242112725984
