Feature	Gain	Cover	Frequency
ctrx_quarter	0.0954428343730441	0.0156882380695943	0.0131159163417228
mcaja_ahorro	0.0938885738283083	0.00998253749970317	0.00708968450903935
g2_g2_tarjetas_madelantosdolares_sobre_g1_transacciones_totales_tc	0.0659879207388274	0.00329622742321797	0.00389932647997164
g1_consumo_total_tc	0.0531236723594624	0.0121213982592655	0.010989010989011
g1_mtotal_caja_ahorro	0.0529986233075301	0.00425592130695421	0.00336760014179369
g2_g1_consumo_total_tc_sobre_g1_monto_total_acreditaciones	0.035547455245427	0.00468663605078805	0.00478553704360156
g1_numero_mes_lag_3	0.0319825535511757	0.037531244299953	0.043601559730592
mtarjeta_visa_consumo	0.0293355518243658	0.00662560009386366	0.00514002126905353
cdescubierto_preacordado	0.0255919216152352	0.0194935309364459	0.0242821694434598
g1_visa_limite_compra_sobre_sueldo	0.0252849753995657	0.0127868536216801	0.010634526763559
mcuentas_saldo	0.0207101220435079	0.0150082592300487	0.0140021269053527
g2_ctrx_quarter_sobre_g1_mtotal_caja_ahorro	0.0168475838097194	0.000774759189918269	0.000708968450903935
mcaja_ahorro_lag_1	0.0163397756809708	0.000406220435369734	0.000531726338177951
g2_g1_monto_total_prestamos_sobre_g1_monto_total_acreditaciones	0.0143010626841492	0.0131030522500102	0.0134704005671748
g1_transacciones_totales_tc	0.0138037228246675	0.00461620429989527	0.00336760014179369
g1_mtotal_cta_corriente	0.0129044870516467	0.0132000376900302	0.0171924849344204
g2_g1_m_activos_pasivos_margen_absoluto_sobre_mcuentas_saldo	0.0123258191107628	0.00121889091428588	0.0021269053527118
g1_numero_mes	0.0110143732508426	0.01336182188105	0.0187876639489543
mautoservicio	0.0108082887000203	0.00730421405161757	0.00425381070542361
foto_mes	0.0107322688101964	0.0275997258181684	0.0294221907125133
g1_visa_abierta	0.0099969188768593	0.00761877016073151	0.0125841900035448
g2_ctrx_quarter_sobre_g1_consumo_total_tc	0.0098560088095725	0.0010260715202651	0.00230414746543779
mpayroll	0.00981089024397294	0.00202155955564555	0.00177242112725984
ctarjeta_visa_transacciones	0.00938098839216212	0.00180159289584309	0.00194966323998582
g2_g1_m_activos_pasivos_margen_absoluto_sobre_g2_limite_compra_tarjetas_credito_lag_1	0.00924869234443167	0.00354852344119901	0.0065579581708614
Visa_Finiciomora	0.00904387227138373	0.0188974144062155	0.0102800425381071
g1_monto_total_prestamos	0.00788928194589446	0.017125552222788	0.0175469691598724
g1_visa_limite_compra_sobre_sueldo_delta_lag1	0.00682580655953398	0.00634434770843001	0.00514002126905353
g1_master_limite_compra_sobre_sueldo	0.00652780795648064	0.00251565709961384	0.0021269053527118
mprestamos_personales	0.00637715736022343	0.0129674527132635	0.0145338532435307
asg1_monto_total_acreditaciones_lag3	0.00632811751988736	0.00246963616330274	0.00443105281814959
g1_master_abierta	0.00597540842910625	0.00336845591382335	0.00779865295994328
g1_m_activos_pasivos_margen_absoluto	0.00591099496712663	0.0103775158485833	0.0125841900035448
asctarjeta_visa_lag3	0.00589625047102707	0.00154983350844618	0.00283587380361574
mcuenta_corriente	0.00577281409422626	0.0121015092869134	0.0147110953562566
g2_g1_mtotal_caja_ahorro_sobre_g1_consumo_total_tc	0.00520189496080764	0.00110006169125866	0.00159517901453385
cpayroll_trx_lag_1	0.00513306439753825	7.30324232063157e-05	0.000177242112725984
g2_g1_monto_total_prestamos_sobre_mrentabilidad_annual	0.00481400699806327	0.00643814538444382	0.0076214108472173
tcallcenter	0.0048123851560808	0.0173411030289544	0.0184331797235023
g1_numero_mes_lag_1	0.00459981236085395	0.00661380374580019	0.00939383197447714
asg1_transacciones_totales_tc_lag3	0.00453906267537693	0.00103653054762436	0.00301311591634172
ctarjeta_visa_delta_lag1	0.00448843314594709	0.00617089727389169	0.00319035802906771
ccaja_seguridad	0.00427987124421394	0.0232009622854771	0.0118752215526409
g1_acreditaciones_sobre_edad	0.00423869676698427	0.00410600479857703	0.00283587380361574
g2_g1_mtotal_caja_ahorro_sobre_g1_monto_total_prestamos	0.00417102131727612	0.00496099998826648	0.00797589507266927
mpasivos_margen	0.00409251400069629	0.00212361218264662	0.00336760014179369
Visa_Finiciomora_lag_1	0.00392334375142241	0.00576644014015057	0.00301311591634172
g1_monto_total_debitado_tc	0.00378999080484321	0.00260133155042577	0.00301311591634172
g1_monto_total_acreditaciones	0.00375391028618226	0.00304008136451281	0.00194966323998582
g1_cant_cuentas_visa_y_master	0.00371036989523613	0.00447275147447922	0.00336760014179369
mcuenta_debitos_automaticos	0.00365930262144114	0.0197256031959248	0.0116979794399149
g2_ctrx_quarter_sobre_g1_monto_total_prestamos	0.00358254841724482	0.00326213557403099	0.00514002126905353
g2_mcuentas_saldo_sobre_g1_monto_total_acreditaciones	0.00352075570785319	0.0014606502880218	0.00159517901453385
g1_monto_pago_servicios_totales	0.0034493595866697	0.012275295926187	0.00691244239631337
mrentabilidad_annual	0.00344427751728842	0.0175308311227749	0.0193193902871322
g2_g1_mtotal_caja_ahorro_sobre_mcuentas_saldo_lag_1	0.0034055538711596	0.00117442495020744	0.00177242112725984
cpayroll_trx	0.00335252264018091	0.000692617827325316	0.000354484225451967
g2_g1_m_activos_pasivos_margen_absoluto_sobre_mcuentas_saldo_lag_1	0.00308265524210395	0.00046500722152471	0.0010634526763559
cmobile_app_trx_lag_1	0.00306784036065203	0.00357735699968863	0.00602623183268345
ctrx_quarter_delta_lag1	0.00278961200880994	0.0187088613064007	0.0122297057780929
mcuentas_saldo_delta_lag1	0.00255202217615227	0.013805210266678	0.010457284650833
Visa_delinquency	0.00248681376561537	0.00357454820063419	0.00319035802906771
thomebanking	0.00248666623965532	0.00807336456024937	0.0148883374689826
g1_visa_abierta_delta_lag1	0.00248353486574612	0.0037771392160696	0.00194966323998582
g2_g1_m_activos_pasivos_margen_absoluto_sobre_g1_monto_total_acreditaciones_delta_lag1	0.0024762050188344	0.00512068102513138	0.00372208436724566
asg2_g1_m_activos_pasivos_margen_absoluto_sobre_mcuentas_saldo_lag2	0.00246022062186671	0.00152782861467073	0.00336760014179369
g2_g1_m_activos_pasivos_margen_absoluto_sobre_g1_monto_total_acreditaciones	0.00242027477108881	0.00233913968348173	0.00177242112725984
g2_mcuentas_saldo_sobre_mrentabilidad_annual	0.00240081672964033	0.000518391426583566	0.00177242112725984
g2_g1_m_activos_pasivos_margen_absoluto_sobre_g1_monto_total_prestamos	0.00238897718225497	0.001911132005865	0.00283587380361574
g1_visa_en_proceso_cierre	0.00234289185584151	0.00545605426674675	0.00283587380361574
g2_g1_mtotal_caja_ahorro_sobre_g1_monto_total_acreditaciones	0.00229870480314835	0.000795716559717363	0.0010634526763559
g1_monto_prom_trx_tarjeta_debito	0.00224260375744098	0.000346308913662658	0.000177242112725984
asg1_m_activos_pasivos_margen_absoluto_lag2	0.00214881992052856	0.00747703726876243	0.00726692662176533
g2_g1_mtotal_caja_ahorro_sobre_g2_limite_compra_tarjetas_credito_lag_1	0.00210122554584958	0.000483969047002806	0.000886210563629919
ctarjeta_debito_transacciones	0.00209245001287166	0.000346308913662658	0.000177242112725984
mtarjeta_visa_consumo_lag_3	0.00202621710414141	0.000320792413103994	0.000886210563629919
g2_g2_tarjetas_madelantosdolares_sobre_g1_transacciones_totales_tc_lag_3	0.00200576952695921	0.0045430391376283	0.00779865295994328
g2_g1_consumo_total_tc_sobre_g1_monto_total_prestamos	0.00198786045776369	0.000837919880113063	0.00159517901453385
g1_mtotal_cta_corriente_delta_lag1	0.00195722665548401	0.0104701413677623	0.00886210563629919
chomebanking_transacciones	0.00191589916168139	0.0132747776847252	0.0122297057780929
g1_c_cuentas	0.00184709006636259	0.0124671208918557	0.00638071605813541
g2_mcuentas_saldo_sobre_g1_monto_total_prestamos	0.00182755786215222	0.00127240907433571	0.00265863169088976
Visa_status	0.00174442667576053	0.00151277134412638	0.00177242112725984
g2_g1_consumo_total_tc_sobre_g1_monto_total_prestamos_lag_1	0.00164255461219275	0.00778153621549005	0.0076214108472173
g1_transacciones_totales_tc_delta_lag1	0.0015890066219895	0.0107875573450044	0.0065579581708614
internet_lag_1	0.00158585706768388	0.012120811978193	0.00620347394540943
mcomisiones_mantenimiento	0.00156775785459439	0.0091899274393152	0.00833037929812123
g2_g1_monto_total_prestamos_sobre_g1_transacciones_totales_tc	0.00156297741224152	0.000278651307810004	0.000886210563629919
g2_g1_m_activos_pasivos_margen_absoluto_sobre_g2_limite_compra_tarjetas_credito	0.00143170300358016	0.0023681860297785	0.00691244239631337
asg2_g1_mtotal_caja_ahorro_sobre_g1_m_activos_pasivos_margen_absoluto_lag3	0.00142687950918551	0.00385908096343394	0.00478553704360156
ccaja_ahorro	0.00142144717617627	0.0119210198317144	0.00620347394540943
ccaja_seguridad_lag_1	0.00139860736574571	0.00380402100372998	0.00194966323998582
cliente_edad_lag_1	0.0013887933125288	0.0129035807038276	0.010457284650833
g2_mrentabilidad_annual_sobre_g2_limite_compra_tarjetas_credito_lag_1	0.00136845703730167	0.00174547041568874	0.00425381070542361
asg1_mtotal_cta_corriente_lag3	0.00134539281323186	0.00184925837792091	0.00319035802906771
mactivos_margen	0.00131935472053217	0.00929932894655516	0.0097483161999291
g2_g1_monto_total_acreditaciones_sobre_g2_limite_compra_tarjetas_credito	0.00131284108107517	0.000818200732696553	0.00141793690180787
internet	0.00131141072350764	0.0204106559100682	0.010811768876285
g1_monto_total_comisiones	0.00129718380426268	0.00285475453316452	0.00407656859269763
g2_ctrx_quarter_sobre_g1_monto_total_acreditaciones	0.00126635741707104	0.00176519057638052	0.00177242112725984
asmcuentas_saldo_lag3	0.00119599270160952	0.000383879336858975	0.000886210563629919
cproductos	0.00115461960480066	0.00841599346077858	0.00496277915632754
g1_dinero_prom_por_inversion	0.00114688784574772	0.0111937145519971	0.00602623183268345
g2_mcuentas_saldo_sobre_g2_limite_compra_tarjetas_credito	0.00114551162829714	0.00113820035922761	0.00301311591634172
asmautoservicio_lag3	0.0011312599045103	0.000644784141552315	0.00159517901453385
g1_numero_mes_delta_lag1	0.00109697509087392	0.0111219847954807	0.00620347394540943
asg1_visa_limite_compra_sobre_sueldo_lag3	0.00106774408108611	0.00618537677487584	0.00584898971995746
g2_ctrx_quarter_sobre_g1_m_activos_pasivos_margen_absoluto_lag_1	0.0010653998195967	0.000421074037584373	0.00141793690180787
g2_mpasivos_margen_sobre_g1_monto_total_prestamos	0.0010611483905955	0.00254171408120268	0.00319035802906771
tmobile_app	0.00104881916023823	0.010542966880158	0.00850762141084722
g2_g1_m_activos_pasivos_margen_absoluto_sobre_mrentabilidad_annual	0.00102150658876531	0.000994619253162101	0.00177242112725984
g2_mpasivos_margen_sobre_g2_limite_compra_tarjetas_credito_lag_1	0.00101154159711849	0.000371970515240297	0.000886210563629919
g2_ctrx_quarter_sobre_g1_monto_total_acreditaciones_delta_lag1	0.000983585157467874	0.00286869821418475	0.00230414746543779
cliente_edad	0.000968767654334754	0.00726895693586761	0.00691244239631337
ccajas_consultas	0.000967638065387325	0.0117745030645304	0.00602623183268345
g2_ctrx_quarter_sobre_mcuentas_saldo	0.000961210043771777	0.00110329302610159	0.00319035802906771
g2_g1_mtotal_caja_ahorro_sobre_mcuentas_saldo	0.000954741190723325	0.00228932848968758	0.00407656859269763
mcuenta_corriente_lag_1	0.000954608620063393	5.07703601667845e-05	0.000354484225451967
g2_mpasivos_margen_sobre_mrentabilidad_annual	0.000915039030348663	0.000418243554439113	0.0010634526763559
g2_g1_mtotal_caja_ahorro_sobre_g2_limite_compra_tarjetas_credito	0.000906184668336347	0.000372680618551028	0.000354484225451967
g2_mpasivos_margen_sobre_g1_m_activos_pasivos_margen_absoluto	0.000903379147359006	0.000545023340561828	0.00177242112725984
g2_g2_tarjetas_madelantosdolares_sobre_mrentabilidad_annual_lag_1	0.000879747440030807	0.00164080637565625	0.00265863169088976
ctarjeta_visa	0.000872220921089254	0.00498630370101799	0.00407656859269763
asg1_consumo_total_tc_lag3	0.000816916583598768	0.000329346685606649	0.000708968450903935
mpagomiscuentas	0.000799485133202495	0.00426916907051752	0.00248138957816377
g2_g1_monto_total_prestamos_sobre_g1_monto_total_acreditaciones_delta_lag1	0.000778263701182683	0.000807706646012869	0.000708968450903935
g2_g1_mtotal_caja_ahorro_sobre_g1_monto_total_prestamos_lag_1	0.000651798869655016	0.00254909498094017	0.00336760014179369
mpasivos_margen_lag_1	0.000649314741809271	0.000152031213870182	0.000354484225451967
ctrx_quarter_lag_3	0.000645088517906087	0.00322399650075193	0.00301311591634172
ctarjeta_master	0.000624182843358232	0.000715949706397197	0.00124069478908189
mtarjeta_master_consumo	0.000622318553935363	0.00345104636001692	0.00265863169088976
g2_g1_m_activos_pasivos_margen_absoluto_sobre_g1_monto_total_prestamos_lag_1	0.000620092837963181	0.00325319727020018	0.00301311591634172
g2_ctrx_quarter_sobre_g1_monto_total_prestamos_lag_1	0.000603105355005205	0.00217559036693782	0.00283587380361574
Master_mpagospesos	0.00059789948590451	0.00739604293377757	0.00567174760723148
mcomisiones_mantenimiento_lag_1	0.000592455251835676	0.00602462105825728	0.00496277915632754
g2_g1_consumo_total_tc_sobre_g2_limite_compra_tarjetas_credito	0.000589633446393204	0.000834909236624413	0.0021269053527118
mcomisiones	0.000547826306750174	0.00157961670852087	0.00230414746543779
asg2_g1_mtotal_caja_ahorro_sobre_g1_m_activos_pasivos_margen_absoluto_lag2	0.000546972770664019	0.00168196946765755	0.00301311591634172
mrentabilidad	0.00054405921876799	0.0027455307544073	0.00283587380361574
g2_mpasivos_margen_sobre_g1_m_activos_pasivos_margen_absoluto_lag_1	0.00053358471403969	0.00108326401910685	0.00265863169088976
g2_g1_transacciones_totales_tc_sobre_mrentabilidad_annual	0.000523921552796436	0.000804409853587359	0.00159517901453385
ccajas_transacciones	0.000522760808737371	0.00477699385990792	0.00514002126905353
g2_ctrx_quarter_sobre_mpasivos_margen_lag_1	0.000516032344727856	0.000613083824662694	0.000886210563629919
Visa_delinquency_lag_1	0.00050599290125802	0.00242627649316645	0.00194966323998582
g1_monto_total_plazos_fijos	0.000490409524987683	0.00635924974520266	0.00336760014179369
asg1_visa_limite_compra_sobre_sueldo_lag2	0.000477081213685295	0.00161382711091469	0.0021269053527118
g2_g1_monto_total_acreditaciones_sobre_mrentabilidad_annual_lag_1	0.000474263549043485	0.000674318886530269	0.00124069478908189
ascdescubierto_preacordado_lag3	0.000469288335753875	0.00517547996512523	0.00460829493087558
mttarjeta_visa_debitos_automaticos_lag_1	0.000466071640290873	0.00448037758683257	0.00443105281814959
ccomisiones_otras_lag_1	0.000459478423337628	0.000462218687975717	0.000886210563629919
asg2_ctrx_quarter_sobre_g1_mtotal_caja_ahorro_lag3	0.000450812333548472	0.00418018891045768	0.00425381070542361
cmobile_app_trx	0.000430744544491402	0.00120822416549582	0.00248138957816377
g2_mpasivos_margen_sobre_g1_consumo_total_tc_lag_1	0.000419115040277779	0.000535085542002561	0.000708968450903935
g2_g1_mtotal_caja_ahorro_sobre_g1_m_activos_pasivos_margen_absoluto	0.000414217080123229	0.00125859792972107	0.00177242112725984
g1_m_activos_pasivos_margen_neto	0.000408642178552284	0.00134156653024622	0.00354484225451967
g2_g1_mtotal_caja_ahorro_sobre_g1_transacciones_totales_tc	0.000376941496556043	0.00216852540643019	0.00372208436724566
g2_g2_tarjetas_madelantosdolares_sobre_g1_transacciones_totales_tc_lag_2	0.000357178939532599	0.000799993189331055	0.00159517901453385
g2_mpasivos_margen_sobre_mcuentas_saldo	0.00035579140740358	0.00209579554722014	0.00248138957816377
g1_monto_total_acreditaciones_lag_1	0.000341933811238537	4.51989674103231e-05	0.000177242112725984
g2_g1_monto_total_acreditaciones_sobre_g1_transacciones_totales_tc	0.000341751455993436	0.0010962594771274	0.00248138957816377
g1_transacciones_totales_tc_lag_1	0.000331394514490707	8.37654401991757e-05	0.000354484225451967
mcomisiones_otras	0.000325602957990894	0.00184116251115138	0.00159517901453385
g2_ctrx_quarter_sobre_mrentabilidad_annual_lag_1	0.000319295353047196	0.000198356335417987	0.000354484225451967
Visa_mfinanciacion_limite	0.000319231797796351	0.00258145230551626	0.00141793690180787
g1_dinero_prom_por_plazo_fijo	0.000318871418061265	0.00199649274665267	0.0010634526763559
Visa_mpagominimo	0.000318171209804951	0.002997095795607	0.00389932647997164
g2_g1_monto_total_prestamos_sobre_g2_limite_compra_tarjetas_credito_lag_1	0.000317395395545827	0.000244695237509494	0.00124069478908189
g2_ctrx_quarter_sobre_mcuentas_saldo_lag_1	0.000311852132231547	0.000930654833021427	0.00177242112725984
g2_mcuentas_saldo_sobre_g1_monto_total_acreditaciones_delta_lag1	0.00030910953057057	0.00108600918447419	0.00141793690180787
Master_fultimo_cierre	0.000305029261373734	3.14271378762461e-05	0.000177242112725984
asg2_g1_m_activos_pasivos_margen_absoluto_sobre_mcuentas_saldo_lag3	0.000300216492695478	0.00130762626703996	0.00230414746543779
Visa_mconsumosdolares_lag_1	0.000299493835745473	0.000303451017441141	0.000531726338177951
g1_consumo_total_tc_delta_lag1	0.000298138438438843	0.000587702495025336	0.000708968450903935
g2_mpasivos_margen_sobre_g1_monto_total_prestamos_lag_1	0.000291183933272681	0.00174233898978764	0.00194966323998582
g2_mpasivos_margen_sobre_mrentabilidad_annual_lag_1	0.000266475524343727	0.000785498691872871	0.00124069478908189
g1_numero_mes_lag_2	0.000253623444863351	0.000881218551077972	0.00124069478908189
mplazo_fijo_dolares	0.00025279665054482	0.00162144045599962	0.000886210563629919
Visa_mconsumosdolares	0.000247903900717107	0.000557545193720164	0.0010634526763559
g2_mrentabilidad_annual_sobre_g2_limite_compra_tarjetas_credito	0.000241039987308531	0.00133598176225617	0.00194966323998582
g1_cant_inversiones_totales	0.000240916927792079	0.00484832479127722	0.00248138957816377
g2_g1_mtotal_caja_ahorro_sobre_g1_monto_total_acreditaciones_lag_1	0.000236979178119792	0.00138228479440304	0.00159517901453385
g2_g1_consumo_total_tc_sobre_mrentabilidad_annual	0.000235961507447044	0.00042140173080739	0.000886210563629919
g1_acreditaciones_sobre_edad_lag_1	0.000234902255331002	5.24090289369266e-05	0.000177242112725984
Master_mpagosdolares_lag_1	0.000232201662510845	0.00123733292954935	0.0021269053527118
g2_g1_mtotal_caja_ahorro_sobre_g1_m_activos_pasivos_margen_absoluto_delta_lag1	0.000226769355310633	0.000165011270106591	0.000531726338177951
g1_cantidad_comisiones_totales_lag_1	0.000225202501529818	0.000681248878771647	0.000886210563629919
g2_g1_transacciones_totales_tc_sobre_g2_limite_compra_tarjetas_credito	0.000224529698333181	0.00114700247886183	0.00230414746543779
asg2_ctrx_quarter_sobre_g1_monto_total_acreditaciones_lag3	0.000224389553239329	0.00199946974940229	0.00177242112725984
asg1_mtotal_cta_corriente_lag2	0.00022305481864156	0.000754432685303624	0.00177242112725984
ccomisiones_mantenimiento_lag_1	0.000214799774292919	0.0049634792702024	0.00265863169088976
g2_mcuentas_saldo_sobre_g1_monto_total_prestamos_lag_1	0.000213514066011039	0.00129473740557804	0.00159517901453385
g2_mpasivos_margen_sobre_g1_monto_total_acreditaciones	0.000198252135522719	0.000323914314217528	0.000531726338177951
mtarjeta_visa_consumo_delta_lag1	0.000194384545631877	0.00118201640854648	0.000886210563629919
g2_ctrx_quarter_sobre_g1_consumo_total_tc_delta_lag1	0.000188027919017917	0.000823996464598271	0.00141793690180787
g1_cons_prom_visa	0.000181356358240034	0.000635794768647793	0.00141793690180787
Master_delinquency	0.000179664997056222	0.00167940142280778	0.00177242112725984
g1_mcomisiones_rentabilidad_lag_1	0.000175998408917974	0.00050784971596209	0.000708968450903935
Visa_cconsumos	0.000175695183794467	0.000298636338657931	0.000531726338177951
g2_g1_mtotal_caja_ahorro_sobre_mrentabilidad_annual	0.000174169507803728	0.000729635002223032	0.00124069478908189
Master_status	0.000172247823229129	0.000843908539626602	0.0010634526763559
g2_ctrx_quarter_sobre_g1_m_activos_pasivos_margen_absoluto	0.00016927973014383	0.000568878474984254	0.0010634526763559
g1_cantidad_debitos_en_tc_lag_1	0.000168856311338485	0.0025769780872245	0.00230414746543779
g2_g1_monto_total_prestamos_sobre_g2_limite_compra_tarjetas_credito	0.000161404184343003	0.000459291538369492	0.00124069478908189
Master_msaldototal	0.000158186981474484	0.000685776192687672	0.00141793690180787
g2_g1_mtotal_caja_ahorro_sobre_mpasivos_margen_lag_1	0.000154626981014005	0.000119233925170917	0.000531726338177951
g2_g1_transacciones_totales_tc_sobre_mrentabilidad_annual_lag_1	0.000150897387873416	0.000498190365447614	0.0010634526763559
g1_cons_prom_master	0.000145217583438135	0.000763837501069733	0.000708968450903935
mcuentas_saldo_lag_1	0.000143104253916426	0.000729334464777308	0.0010634526763559
g2_g1_monto_total_prestamos_sobre_g1_monto_total_acreditaciones_lag_1	0.000142821839129428	0.000357892473918972	0.000531726338177951
Master_cadelantosefectivo	0.000137268064313692	0.000516705741840796	0.000886210563629919
g1_m_activos_pasivos_margen_absoluto_lag_1	0.000135307870602646	9.41902188542437e-05	0.000177242112725984
g1_monto_debitos_en_tc_lag_1	0.000130961116984062	0.00175869872436683	0.00177242112725984
asg2_mcuentas_saldo_sobre_g1_monto_total_acreditaciones_lag2	0.000129826563411756	0.000568265038134486	0.000708968450903935
Visa_madelantodolares	0.00012962047831275	0.000116915348693153	0.000354484225451967
asg2_g1_consumo_total_tc_sobre_g1_monto_total_acreditaciones_lag3	0.000128802249494865	0.000721860951679942	0.000886210563629919
g2_ctrx_quarter_sobre_g1_mtotal_caja_ahorro_lag_1	0.000126056259624521	0.00107433220023779	0.00141793690180787
g2_g1_monto_total_acreditaciones_sobre_g2_limite_compra_tarjetas_credito_lag_1	0.000125887277586044	7.38730363721022e-05	0.000177242112725984
asg1_m_activos_pasivos_margen_absoluto_lag3	0.00012239446938482	0.000155083401644992	0.000354484225451967
Visa_madelantopesos	0.000121801448091935	3.11318694619378e-05	0.000177242112725984
mtransferencias_recibidas	0.000121545542275118	0.00228749223223936	0.0021269053527118
g2_mpasivos_margen_sobre_g1_monto_total_acreditaciones_lag_1	0.000120949052248694	0.000614348797512462	0.000708968450903935
ascdescubierto_preacordado_lag2	0.000118725423710802	0.00188135934385314	0.00159517901453385
g1_deuda_promedio_prestamo	0.000116167987382037	0.000626458855600192	0.000531726338177951
tmobile_app_lag_1	0.000114007900674296	0.00102385386600444	0.0010634526763559
ctrx_quarter_lag_2	0.000112026103773359	0.00214993221049611	0.00177242112725984
asg2_mcuentas_saldo_sobre_g1_monto_total_acreditaciones_lag3	0.000108918434425214	0.000590942544035604	0.000708968450903935
g2_g1_monto_total_prestamos_sobre_mrentabilidad_annual_lag_1	0.000108037001359282	0.000103741959534816	0.000354484225451967
cliente_antiguedad	0.000106644162377657	0.000859386522063947	0.00124069478908189
g2_g1_monto_total_prestamos_sobre_g1_monto_total_acreditaciones_lag_3	0.000103340404283736	0.000346619178550995	0.000531726338177951
g1_cantidad_total_prestamos_lag_1	0.000100413976262988	0.000569253386834954	0.000708968450903935
g2_g1_mtotal_caja_ahorro_sobre_g1_consumo_total_tc_lag_3	9.94003410900623e-05	0.000820462363104021	0.00124069478908189
Master_mpagosdolares	9.83940573610443e-05	0.000376319898018529	0.0010634526763559
g1_master_limite_compra_sobre_sueldo_lag_1	9.61405471290221e-05	0.000562794972905241	0.000708968450903935
chomebanking_transacciones_lag_1	9.52256325255523e-05	0.000296752254616871	0.000708968450903935
g2_mcuentas_saldo_sobre_g1_transacciones_totales_tc	9.47235457341614e-05	0.000259083746374209	0.000886210563629919
mcaja_ahorro_dolares_lag_1	9.14596976907979e-05	0.000952595890454736	0.0010634526763559
g2_g1_mtotal_caja_ahorro_sobre_mrentabilidad_annual_lag_1	9.03514621018554e-05	0.000375438956496911	0.000708968450903935
asg2_ctrx_quarter_sobre_g1_mtotal_caja_ahorro_lag2	9.00728205949427e-05	0.00120780872263423	0.0010634526763559
g2_limite_compra_tarjetas_credito	8.91951891990273e-05	0.00141956704211195	0.00124069478908189
Master_msaldopesos_lag_1	8.52333777687184e-05	0.000454030410501367	0.000531726338177951
g2_g1_mtotal_caja_ahorro_sobre_mpasivos_margen	8.46317156128214e-05	0.00119062620853405	0.00141793690180787
asg2_g1_m_activos_pasivos_margen_absoluto_sobre_g1_monto_total_acreditaciones_lag3	8.3154991091786e-05	0.000109496552460484	0.000177242112725984
Visa_cadelantosefectivo_lag_1	8.27079972867122e-05	0.0001630686187548	0.000354484225451967
mprestamos_personales_lag_1	8.0848967744016e-05	0.00067681701538626	0.000886210563629919
ctarjeta_visa_debitos_automaticos_lag_1	7.91958896095542e-05	0.00168759942772474	0.00141793690180787
g2_mcuentas_saldo_sobre_g2_limite_compra_tarjetas_credito_lag_1	7.72171985672044e-05	0.00122149928749148	0.0010634526763559
g1_visa_abierta_lag_1	7.6873354161015e-05	0.000113034301745714	0.000177242112725984
g2_g1_monto_total_prestamos_sobre_g1_monto_total_acreditaciones_lag_2	7.68305307872298e-05	0.000360718701308089	0.000354484225451967
g1_montos_transferencias_totales_netas	7.64492008306962e-05	0.000660544017170376	0.0010634526763559
Master_mpagominimo	7.1783345922318e-05	0.000454101745080528	0.000708968450903935
mtransferencias_emitidas	6.95313563583024e-05	0.00130328519311896	0.00124069478908189
asg2_g1_m_activos_pasivos_margen_absoluto_sobre_g1_monto_total_acreditaciones_lag2	6.93799409775329e-05	0.000598681332599223	0.000531726338177951
g1_mtotal_cta_corriente_lag_1	6.92548828098515e-05	0.00040357720549477	0.000531726338177951
Visa_mpagado	6.88474976058726e-05	9.68962717960823e-05	0.000177242112725984
g2_g1_m_activos_pasivos_margen_absoluto_sobre_g1_consumo_total_tc_lag_1	6.80814484510769e-05	8.24658133350993e-05	0.000177242112725984
ctransferencias_emitidas_lag_1	6.71850007242559e-05	0.000988312019902994	0.000886210563629919
g1_montos_transferencias_totales_absolutas	6.71565374943764e-05	0.000610275633573421	0.000708968450903935
g2_mcuentas_saldo_sobre_g1_monto_total_acreditaciones_lag_1	6.71216364602268e-05	0.000460761598134347	0.000531726338177951
tcuentas_lag_1	6.41984696684211e-05	0.0015056603809214	0.0010634526763559
g2_mpasivos_margen_sobre_g2_limite_compra_tarjetas_credito	6.33948601170962e-05	0.000118501124494089	0.000354484225451967
g1_cantidad_descuentos_totales_tc	6.21915543878032e-05	0.00170992492179631	0.000886210563629919
Visa_madelantodolares_lag_1	6.10933502523713e-05	0.000100480023778669	0.000177242112725984
g2_g1_monto_total_acreditaciones_sobre_mrentabilidad_annual	6.03471074628454e-05	0.000634398475322753	0.000708968450903935
g1_porcentaje_saldo_caja_ahorro	5.89627679107515e-05	0.00123537467375837	0.000886210563629919
g1_deuda_promedio_prestamo_lag_1	5.85638320667867e-05	0.000456535834939318	0.000354484225451967
Visa_fultimo_cierre_lag_1	5.77721824196421e-05	0.000315169140653598	0.000177242112725984
Master_mpagominimo_lag_1	5.74681200512245e-05	0.000204321284290157	0.000531726338177951
cseguro_vivienda	5.65723041294409e-05	0.0020570351335442	0.0010634526763559
g2_g2_tarjetas_madelantosdolares_sobreg2_limite_compra_tarjetas_credito_lag_1	5.63326125771953e-05	2.10430928871191e-05	0.000177242112725984
g1_cantidad_comisiones_totales	5.45758848648611e-05	0.000450091201553306	0.000531726338177951
Master_mpagado_lag_1	5.25182620681857e-05	0.000242243921971077	0.000708968450903935
g1_mtotal_caja_ahorro_lag_3	5.24038712884969e-05	4.31322911652193e-05	0.000177242112725984
Visa_msaldopesos	5.23688184972551e-05	0.00015047117526116	0.000531726338177951
Visa_mpagosdolares_lag_1	4.95812874457014e-05	8.90144087640348e-05	0.000354484225451967
g1_mtotal_caja_ahorro_delta_lag1	4.84367922353067e-05	0.000199209107887039	0.000177242112725984
g2_g1_m_activos_pasivos_margen_absoluto_sobre_g1_consumo_total_tc	4.76628413880988e-05	0.000227237112535287	0.000531726338177951
Visa_mpagospesos	4.74513580725231e-05	0.000130419268245271	0.000354484225451967
g2_mcuentas_saldo_sobre_mrentabilidad_annual_lag_1	4.42860396117983e-05	0.000639022455699741	0.000531726338177951
g2_g1_consumo_total_tc_sobre_mcuentas_saldo	4.39641287510741e-05	0.000337692628713347	0.000354484225451967
g2_g1_m_activos_pasivos_margen_absoluto_sobre_mcuentas_saldo_delta_lag1	4.3169137350815e-05	0.000215918017125008	0.000531726338177951
Master_mconsumototal	4.29779698707476e-05	0.000192600729217046	0.000531726338177951
g2_ctrx_quarter_sobre_g2_limite_compra_tarjetas_credito_lag_1	4.21113449934699e-05	0.000152454965589001	0.000531726338177951
g2_ctrx_quarter_sobre_g2_limite_compra_tarjetas_credito	4.20064168362858e-05	0.000106207663582098	0.000177242112725984
mextraccion_autoservicio	4.17945154144353e-05	0.000578165142853628	0.000531726338177951
mtransferencias_emitidas_lag_1	4.04141865854956e-05	0.000550424908382675	0.000531726338177951
Master_mlimitecompra_lag_1	3.91058664968606e-05	0.000300491443026207	0.000531726338177951
asg2_g1_consumo_total_tc_sobre_g1_monto_total_acreditaciones_lag2	3.90302202319656e-05	0.000316783085507099	0.000531726338177951
g2_g1_monto_total_acreditaciones_sobre_g1_transacciones_totales_tc_lag_1	3.88630505035272e-05	4.68579016859085e-05	0.000354484225451967
g1_monto_total_cajeros_automaticos	3.86437191783203e-05	0.000495093188250721	0.000531726338177951
Visa_cadelantosefectivo	3.83666788635857e-05	9.76722379995048e-05	0.000177242112725984
Master_madelantopesos	3.79901571292118e-05	0.000438636732566666	0.000354484225451967
g1_comision_promedio	3.61281977455088e-05	0.000106431192107137	0.000354484225451967
g1_cantidad_interacciones_con_linea_caja	3.60921683405981e-05	0.000692617827325316	0.000354484225451967
ctrx_quarter_lag_1	3.5734479971089e-05	0.000544367548805684	0.000531726338177951
Master_mconsumospesos	3.50946968465463e-05	0.000120008878099067	0.000354484225451967
g2_ctrx_quarter_sobre_g1_consumo_total_tc_lag_1	3.47491180735875e-05	0.000132646041983376	0.000354484225451967
g2_g1_consumo_total_tc_sobre_g2_limite_compra_tarjetas_credito_lag_1	3.40375311324327e-05	7.45399741562399e-05	0.000354484225451967
g2_g1_transacciones_totales_tc_sobre_g2_limite_compra_tarjetas_credito_lag_1	3.37597578412659e-05	0.000384836274026005	0.000531726338177951
g2_ctrx_quarter_sobre_g1_transacciones_totales_tc	3.37478578140337e-05	0.000423689706371934	0.000531726338177951
g2_g1_mtotal_caja_ahorro_sobre_g1_consumo_total_tc_lag_1	3.35878387352547e-05	0.000172282938769742	0.000354484225451967
g1_cantidad_pagos_servicio_totales	3.25144479167779e-05	0.00103892674098797	0.000531726338177951
g1_comision_promedio_lag_1	3.21098764131739e-05	3.61546749860501e-05	0.000177242112725984
g1_cantidad_debitos_totales_lag_1	3.02157703349289e-05	0.000500653232324134	0.000531726338177951
Visa_cconsumos_lag_1	2.94139808363507e-05	2.39313327228927e-05	0.000177242112725984
Visa_mlimitecompra	2.84671353018238e-05	0.000291400945249523	0.000531726338177951
g1_rentabilidad_mensual_lag_1	2.83234295942885e-05	9.73224553755541e-05	0.000177242112725984
g1_consumo_promedio_tc	2.80354813514082e-05	0.000207606120067455	0.000354484225451967
mcaja_ahorro_dolares	2.73189932755883e-05	0.000230364080025183	0.000531726338177951
g1_monto_transferencia_promedio	2.66239483736767e-05	6.3027951134141e-05	0.000177242112725984
g1_master_consumo_total_lag_1	2.62074505176305e-05	7.95627796803522e-05	0.000177242112725984
g1_montos_transferencias_totales_netas_lag_1	2.58968264616022e-05	0.000166170051707836	0.000354484225451967
g2_g1_m_activos_pasivos_margen_absoluto_sobre_mrentabilidad_annual_lag_1	2.56899743182452e-05	0.00027849931651918	0.000354484225451967
ctarjeta_master_transacciones	2.55356585187622e-05	0.00103892674098797	0.000531726338177951
cpagomiscuentas_lag_1	2.52400671899433e-05	0.000507951043489307	0.000354484225451967
g2_ctrx_quarter_sobre_mrentabilidad_annual	2.50402433614468e-05	8.72231407379049e-05	0.000354484225451967
Master_madelantodolares_lag_1	2.45291089567425e-05	0.000313024644867592	0.000354484225451967
Visa_fechaalta_lag_1	2.44263404991306e-05	0.000143210449970948	0.000354484225451967
g2_g1_consumo_total_tc_sobre_g1_monto_total_acreditaciones_delta_lag1	2.43679480865071e-05	0.000653047806706914	0.000354484225451967
g1_monto_total_cajeros_automaticos_lag_1	2.43312352585003e-05	0.000118443367803575	0.000354484225451967
asg1_monto_total_acreditaciones_lag2	2.35994011338552e-05	0.000306587509718594	0.000354484225451967
Master_fultimo_cierre_lag_1	2.23955931608519e-05	0.000587387569070747	0.000354484225451967
Master_mpagospesos_lag_1	2.19280615626178e-05	9.90681260144366e-05	0.000177242112725984
asg2_ctrx_quarter_sobre_g1_monto_total_acreditaciones_lag2	2.16784758608975e-05	0.000153587199378116	0.000177242112725984
Visa_mpagosdolares	2.13802638832429e-05	0.000236319098799685	0.000354484225451967
Master_mlimitecompra	2.10600171887283e-05	0.000126332526417582	0.000354484225451967
asmcuentas_saldo_lag2	2.09042917000646e-05	0.00010036349712237	0.000177242112725984
g1_cant_seguros_totales	2.05302244043776e-05	0.000249251733753356	0.000354484225451967
Master_mconsumospesos_lag_1	1.98260668503988e-05	5.77078506451761e-05	0.000177242112725984
g1_monto_pago_servicios_totales_lag_1	1.98224133242103e-05	0.000490706922252582	0.000354484225451967
Visa_fechaalta	1.94999604738706e-05	0.000184303220668358	0.000354484225451967
g1_monto_total_comisiones_lag_1	1.94757846399394e-05	0.000107993865231867	0.000177242112725984
g2_ctrx_quarter_sobre_mpasivos_margen	1.88773517097891e-05	3.33651281617852e-05	0.000177242112725984
ctarjeta_master_transacciones_lag_1	1.83208656787887e-05	5.88425162949442e-05	0.000177242112725984
g2_g1_consumo_total_tc_sobre_mcuentas_saldo_lag_1	1.74372063259887e-05	0.000103323274192358	0.000354484225451967
g2_mpasivos_margen_sobre_mcuentas_saldo_lag_1	1.74064084113182e-05	8.18813561581157e-05	0.000177242112725984
g2_g1_monto_total_prestamos_sobre_g1_transacciones_totales_tc_lag_1	1.7160551598152e-05	2.74861050326951e-05	0.000177242112725984
g2_g1_mtotal_caja_ahorro_sobre_g1_m_activos_pasivos_margen_absoluto_lag_1	1.70031051634143e-05	5.39530577966486e-05	0.000177242112725984
Master_madelantopesos_lag_1	1.64435065634796e-05	0.000157859370580609	0.000177242112725984
catm_trx_other_lag_1	1.49344701701147e-05	7.61993137419341e-05	0.000177242112725984
Master_cconsumos_lag_1	1.45052221374109e-05	0.000227960793734666	0.000354484225451967
Visa_msaldototal_lag_1	1.39542122662487e-05	0.000107003895290963	0.000177242112725984
cseguro_vida_lag_1	1.3358000977341e-05	0.000268947170528499	0.000177242112725984
catm_trx	1.32115873864509e-05	0.000322879962819704	0.000177242112725984
ctransferencias_emitidas	1.25306285365538e-05	8.1830895049562e-05	0.000177242112725984
cdescubierto_preacordado_lag_1	1.22931751433295e-05	0.000173215354675186	0.000177242112725984
Visa_mpagado_lag_1	1.19723585854478e-05	6.75603314265263e-05	0.000177242112725984
ccuenta_debitos_automaticos	1.17811663287123e-05	0.000119360787234992	0.000177242112725984
matm_other_lag_1	1.13404399883151e-05	0.000153587199378116	0.000177242112725984
tcallcenter_lag_1	1.12358566397625e-05	9.64554970526914e-05	0.000177242112725984
matm	1.12117582329192e-05	0.000332534652267928	0.000177242112725984
Master_mconsumosdolares	1.10762391494796e-05	0.000132467705535475	0.000177242112725984
g1_cons_prom_visa_lag_1	1.10359306075099e-05	0.00012070986193235	0.000177242112725984
mtarjeta_visa_consumo_lag_2	1.02939819242799e-05	3.75797453288202e-05	0.000177242112725984
Visa_msaldototal	1.02566083851229e-05	0.000164242599485128	0.000177242112725984
g1_monto_transferencia_promedio_lag_1	1.01505023038413e-05	3.82183114053374e-05	0.000177242112725984
Master_msaldopesos	9.91243259099717e-06	0.000264630617869084	0.000177242112725984
mrentabilidad_annual_lag_1	9.87494136266653e-06	9.9551255664204e-05	0.000177242112725984
asctarjeta_visa_lag2	9.79241957236445e-06	0.000273726182022129	0.000177242112725984
ctarjeta_visa_transacciones_lag_1	9.71551279447812e-06	2.66329272535338e-05	0.000177242112725984
g1_cantidad_pagos_servicio_totales_lag_1	9.34345705453521e-06	0.000228327396728135	0.000177242112725984
g1_montos_transferencias_totales_absolutas_lag_1	9.04056435132574e-06	2.11498921008051e-05	0.000177242112725984
g2_g1_m_activos_pasivos_margen_absoluto_sobre_g1_transacciones_totales_tc	9.02287793972313e-06	0.000117332818105285	0.000177242112725984
g1_m_activos_pasivos_margen_absoluto_delta_lag1	8.96403232054493e-06	0.000288534794814683	0.000177242112725984
cpagomiscuentas	8.91114549005285e-06	0.000346308913662658	0.000177242112725984
Visa_msaldopesos_lag_1	8.40029395230969e-06	0.000196407401759509	0.000177242112725984
Visa_mpagominimo_lag_1	8.36955952785128e-06	0.000206749294497314	0.000177242112725984
g2_g1_mtotal_caja_ahorro_sobre_g1_transacciones_totales_tc_lag_1	8.00367266209302e-06	9.77577584324754e-05	0.000177242112725984
g1_porcentaje_saldo_cta_corriente_lag_1	7.51661963027265e-06	0.000247826258100477	0.000177242112725984
g2_mpasivos_margen_sobre_g1_consumo_total_tc	7.41298863490144e-06	2.66773087104546e-05	0.000177242112725984
g2_g1_mtotal_caja_ahorro_sobre_g1_consumo_total_tcdelta_lag1	7.40056468437425e-06	0.000129509144395814	0.000177242112725984
g2_ctrx_quarter_sobre_g1_transacciones_totales_tc_lag_1	7.35400003370089e-06	0.000334610447990481	0.000177242112725984
Master_madelantodolares	6.96849882185088e-06	0.0001179415938888	0.000177242112725984
g1_visa_consumo_total	6.66253639269579e-06	5.09418063428344e-05	0.000177242112725984
