Feature	Gain	Cover	Frequency
ctrx_quarter	0.137814288111677	0.0142899098477804	0.00921658986175115
mcaja_ahorro	0.105594390948613	0.0146632484600728	0.0102800425381071
g2_g2_tarjetas_madelantosdolares_sobre_g1_transacciones_totales_tc	0.0523078019196584	0.00376461725150097	0.00389932647997164
g1_mtotal_caja_ahorro	0.0473240462411247	0.00413379264364505	0.00336760014179369
g1_consumo_total_tc	0.0385511602759317	0.0123089370505431	0.010989010989011
g1_numero_mes_lag_3	0.0279503737803146	0.039330247547683	0.0418291386033322
g1_transacciones_totales_tc	0.027069240105978	0.00404411989510491	0.00407656859269763
mtarjeta_visa_consumo	0.0252030857069885	0.00692723307179505	0.0065579581708614
mcaja_ahorro_lag_1	0.0248613087102647	0.000814633678412853	0.000886210563629919
cdescubierto_preacordado	0.0246286745462313	0.0209095344445021	0.0241049273307338
g1_visa_abierta	0.0208493811263521	0.00648693810883877	0.0120524636653669
g1_visa_limite_compra_sobre_sueldo	0.0203144155645605	0.010512042493388	0.00850762141084722
g2_g1_consumo_total_tc_sobre_g1_monto_total_acreditaciones	0.0200019420931229	0.00117863421926055	0.00265863169088976
mcuentas_saldo	0.0192609069362601	0.0140707355708373	0.0131159163417228
g1_mtotal_cta_corriente	0.0163547827755292	0.0163774556201915	0.0191421481744062
g1_numero_mes	0.0151695228908004	0.0142902316201027	0.0203828429634881
mautoservicio	0.0115365572371082	0.00882063343825947	0.0054945054945055
g2_g1_monto_total_prestamos_sobre_g1_monto_total_acreditaciones	0.0108879281854637	0.0124547957768649	0.0124069478908189
foto_mes	0.0101935564974092	0.02655598221379	0.0301311591634172
g1_acreditaciones_sobre_edad	0.00917038261196384	0.00264669222686042	0.00194966323998582
g1_monto_total_prestamos	0.00898233916344601	0.0163624461851617	0.0166607585962425
g1_master_abierta	0.00854412357740955	0.00268315240848224	0.00815313718539525
g2_g1_m_activos_pasivos_margen_absoluto_sobre_g2_limite_compra_tarjetas_credito_lag_1	0.00789670504965288	0.00283800154652394	0.00584898971995746
Visa_Finiciomora	0.0078132543415462	0.02239135605589	0.0116979794399149
g1_visa_limite_compra_sobre_sueldo_delta_lag1	0.00776196011518599	0.00743554435319743	0.00584898971995746
g1_monto_total_acreditaciones_lag_1	0.0073883460537782	0.000289548573708829	0.000531726338177951
mpayroll	0.00732851594688672	0.00370982150812788	0.00230414746543779
ctarjeta_visa_transacciones	0.00730907491661406	0.00275427743991839	0.00248138957816377
asg1_monto_total_acreditaciones_lag3	0.00717311706651092	0.00248007746666032	0.00514002126905353
mprestamos_personales	0.0070017074404414	0.0130227130046041	0.0138248847926267
mcuenta_corriente	0.00671625971667671	0.0134459095405018	0.0168380007089685
g1_numero_mes_lag_1	0.00662466617545579	0.00768641047358223	0.010457284650833
g1_m_activos_pasivos_margen_absoluto	0.00641758965381641	0.00890679541009058	0.0118752215526409
g2_mpasivos_margen_sobre_g1_monto_total_acreditaciones	0.00534421403961851	0.000824740484362514	0.000886210563629919
Visa_Finiciomora_lag_1	0.00523057619244444	0.0063954356467848	0.00354484225451967
g2_g1_mtotal_caja_ahorro_sobre_g1_consumo_total_tc	0.00518761235127117	0.000587570215579686	0.00177242112725984
asctarjeta_visa_lag3	0.0050022101394422	0.00238096087236708	0.00460829493087558
tcallcenter	0.00486954613643773	0.0165251098805661	0.0179014533853244
g2_g1_m_activos_pasivos_margen_absoluto_sobre_mcuentas_saldo	0.00456089300627881	0.000828492741997318	0.00159517901453385
g2_g1_m_activos_pasivos_margen_absoluto_sobre_g1_monto_total_acreditaciones	0.00452150627754686	0.00319061324826578	0.00283587380361574
ccaja_seguridad	0.00441113852817395	0.0230418021203257	0.0118752215526409
g1_cant_cuentas_visa_y_master	0.00428731508069924	0.00319989185958306	0.00265863169088976
g1_master_limite_compra_sobre_sueldo	0.00428453909612801	0.00307212600061479	0.00265863169088976
g2_g1_mtotal_caja_ahorro_sobre_g1_monto_total_acreditaciones	0.00416519905056926	0.00117592756998946	0.00124069478908189
g1_visa_abierta_delta_lag1	0.00413888469480367	0.00582977203877419	0.00301311591634172
g2_mpasivos_margen_sobre_mrentabilidad_annual	0.00376110592781933	0.00065561383714553	0.00159517901453385
mcuenta_debitos_automaticos	0.00368895498626245	0.018901960116571	0.011343495214463
g2_ctrx_quarter_sobre_g1_monto_total_prestamos	0.00364605702650923	0.00203527485975618	0.00425381070542361
g2_ctrx_quarter_sobre_g1_mtotal_caja_ahorro	0.00348821307253356	0.000566702946769045	0.000531726338177951
g2_g1_mtotal_caja_ahorro_sobre_g1_monto_total_prestamos	0.00339861066335567	0.00391734382478887	0.00620347394540943
g2_g1_monto_total_acreditaciones_sobre_g1_transacciones_totales_tc	0.00326125314984377	0.00147173765916067	0.00265863169088976
g1_monto_pago_servicios_totales	0.00322367995397452	0.0113354273272936	0.00708968450903935
g2_mpasivos_margen_sobre_g1_monto_total_prestamos	0.00310750179456575	0.00310329584885596	0.00460829493087558
g2_mpasivos_margen_sobre_g2_limite_compra_tarjetas_credito_lag_1	0.00303717926465116	0.000575540056527724	0.00159517901453385
g1_monto_total_debitado_tc	0.00300149790405972	0.0025443215051838	0.00248138957816377
ctrx_quarter_delta_lag1	0.00297156927295374	0.0184602805820755	0.0136476426799007
ctarjeta_visa_delta_lag1	0.00296096786493373	0.00343976230578637	0.00177242112725984
thomebanking	0.00291462984053832	0.0081899997309854	0.0164835164835165
mrentabilidad_annual	0.00281718134890159	0.0162859677198014	0.0166607585962425
g2_mcuentas_saldo_sobre_mrentabilidad_annual	0.0027029038994158	0.00102791048149022	0.00230414746543779
g2_g1_monto_total_prestamos_sobre_mrentabilidad_annual	0.00255313858673222	0.00467594240043737	0.0054945054945055
g1_monto_total_acreditaciones	0.00252933116912879	0.00260900219137792	0.00177242112725984
g2_g1_m_activos_pasivos_margen_absoluto_sobre_mcuentas_saldo_lag_1	0.0024535473661388	0.000352821430150575	0.000886210563629919
mcuentas_saldo_delta_lag1	0.00242376335429412	0.0137681219487153	0.00921658986175115
g2_g1_consumo_total_tc_sobre_g1_monto_total_prestamos_lag_1	0.00237105343372355	0.00811873858844116	0.00815313718539525
g2_g1_mtotal_caja_ahorro_sobre_mcuentas_saldo	0.00231331275219972	0.00179843404861832	0.00283587380361574
cmobile_app_trx_lag_1	0.00227947132037526	0.00272511467434675	0.00531726338177951
g2_g2_tarjetas_madelantosdolares_sobre_g1_transacciones_totales_tc_lag_3	0.00225849008723105	0.00413024404705904	0.00708968450903935
g1_mtotal_cta_corriente_delta_lag1	0.00216623700283195	0.0100741524296682	0.00921658986175115
asg1_m_activos_pasivos_margen_absoluto_lag2	0.00208817384871003	0.00617309703938548	0.0065579581708614
g1_transacciones_totales_tc_delta_lag1	0.0020712899343035	0.00890975810195132	0.00638071605813541
g2_g1_mtotal_caja_ahorro_sobre_g2_limite_compra_tarjetas_credito_lag_1	0.00201321475624942	0.000297159874513454	0.000177242112725984
g2_mcuentas_saldo_sobre_g1_monto_total_acreditaciones	0.00197552490589861	0.000898030956562742	0.0010634526763559
g2_mcuentas_saldo_sobre_g1_monto_total_prestamos	0.00191313572320745	0.000829577990445998	0.00194966323998582
g2_ctrx_quarter_sobre_g1_consumo_total_tc	0.00190427783678854	0.00184478544266645	0.0021269053527118
mpasivos_margen	0.00190092628747133	0.00194613765685378	0.00301311591634172
Visa_delinquency	0.00183283082350154	0.00354918653564342	0.00336760014179369
asg1_mtotal_cta_corriente_lag3	0.00180567112296008	0.00328139976184633	0.00460829493087558
asg1_transacciones_totales_tc_lag3	0.00180258710534679	0.00180172073750008	0.00283587380361574
g1_visa_en_proceso_cierre	0.00179796539991224	0.00476642959092735	0.00248138957816377
ccaja_ahorro	0.00173158861916477	0.0120028114382402	0.00638071605813541
asmcuentas_saldo_lag3	0.00163961398307763	0.000647149870023418	0.00141793690180787
g1_c_cuentas	0.00162829266964053	0.0117506976664056	0.00602623183268345
mcuentas_saldo_lag_1	0.00160204706580573	0.00105236962738781	0.00159517901453385
chomebanking_transacciones	0.00160171748845591	0.0144481405277643	0.0120524636653669
cpayroll_trx	0.00159771107163249	0.00103509484240011	0.000531726338177951
ctrx_quarter_lag_3	0.00158698567962948	0.00114590890217503	0.00194966323998582
cpayroll_trx_lag_1	0.00157495400919598	0.000575124037880886	0.000354484225451967
asg2_g1_mtotal_caja_ahorro_sobre_g1_m_activos_pasivos_margen_absoluto_lag3	0.00155761425985115	0.00500546537064768	0.00496277915632754
mcomisiones_mantenimiento	0.00153865841244523	0.00838066611274017	0.0086848635235732
ccaja_seguridad_lag_1	0.00152494055375514	0.00477270263437363	0.00248138957816377
internet_lag_1	0.00150262647241526	0.0107381938297762	0.00567174760723148
g2_g1_m_activos_pasivos_margen_absoluto_sobre_g2_limite_compra_tarjetas_credito	0.00148705699655214	0.00295456442984596	0.00708968450903935
g2_g1_m_activos_pasivos_margen_absoluto_sobre_mrentabilidad_annual	0.001475480785992	0.000552361528069019	0.00124069478908189
g2_mrentabilidad_annual_sobre_g2_limite_compra_tarjetas_credito_lag_1	0.0014046076690053	0.00221291017031353	0.00531726338177951
g2_g1_monto_total_prestamos_sobre_g1_monto_total_acreditaciones_delta_lag1	0.00137236184699734	0.000935191716012778	0.000886210563629919
g2_g1_m_activos_pasivos_margen_absoluto_sobre_g1_monto_total_acreditaciones_delta_lag1	0.00137082340285531	0.00474845604831942	0.00319035802906771
mactivos_margen	0.0013651402404349	0.00928287970500308	0.010989010989011
asmautoservicio_lag3	0.00126155466390951	0.000620093085088401	0.00141793690180787
g2_g1_m_activos_pasivos_margen_absoluto_sobre_g1_monto_total_prestamos	0.00124878956663262	0.00269969627884199	0.00265863169088976
g1_dinero_prom_por_inversion	0.00124032817698998	0.0120797200794205	0.0065579581708614
g2_mcuentas_saldo_sobre_g2_limite_compra_tarjetas_credito	0.00120608695328643	0.00145461415368091	0.00389932647997164
g2_g1_consumo_total_tc_sobre_g1_monto_total_prestamos	0.001187161130164	0.000837772566786589	0.00194966323998582
cliente_edad	0.00118694463515046	0.0106512691908001	0.00939383197447714
asg1_visa_limite_compra_sobre_sueldo_lag3	0.00115466974277244	0.00677083210532496	0.00602623183268345
internet	0.00115273806187523	0.0203514754632002	0.010811768876285
asg2_g1_m_activos_pasivos_margen_absoluto_sobre_mcuentas_saldo_lag2	0.00112506805117993	0.00185717762086175	0.00301311591634172
asg2_g1_mtotal_caja_ahorro_sobre_g1_m_activos_pasivos_margen_absoluto_lag2	0.00108095134448513	0.00266510100142168	0.00460829493087558
cliente_edad_lag_1	0.001080684843049	0.0104873444957539	0.00833037929812123
g1_monto_total_comisiones	0.00107594879027236	0.00257219596799395	0.00319035802906771
g2_g2_tarjetas_madelantosdolares_sobre_mrentabilidad_annual_lag_1	0.00107204238319867	0.00175650899589479	0.00265863169088976
g2_g1_mtotal_caja_ahorro_sobre_g1_m_activos_pasivos_margen_absoluto	0.000979797247390315	0.00165953923579514	0.00301311591634172
g2_ctrx_quarter_sobre_g1_monto_total_acreditaciones	0.000964749485306004	0.00270167929431708	0.00230414746543779
mcomisiones	0.000952937748411223	0.00198749561366786	0.00319035802906771
cproductos	0.000914791430103304	0.00611649605418367	0.00336760014179369
g2_g1_m_activos_pasivos_margen_absoluto_sobre_g1_monto_total_prestamos_lag_1	0.000908917104771836	0.00311517857106128	0.00354484225451967
g1_numero_mes_lag_2	0.000902094072030287	0.00231959822308109	0.00407656859269763
tmobile_app	0.000852459364075383	0.0115390483315105	0.00921658986175115
mpagomiscuentas	0.000759202689999437	0.00440000210610198	0.00265863169088976
g1_cantidad_total_acreditaciones	0.000743653373231764	0.000345608754894281	0.000177242112725984
g2_ctrx_quarter_sobre_g1_m_activos_pasivos_margen_absoluto_lag_1	0.000737126992091335	0.00103353269945982	0.00194966323998582
asg2_g1_m_activos_pasivos_margen_absoluto_sobre_mcuentas_saldo_lag3	0.00070998815124805	0.000876414571044328	0.00177242112725984
ccajas_consultas	0.000703183285682113	0.0100226538919341	0.00514002126905353
g2_mpasivos_margen_sobre_mcuentas_saldo_lag_1	0.00069959348913278	0.000114464385762668	0.000354484225451967
g2_g1_monto_total_prestamos_sobre_g1_transacciones_totales_tc	0.000694337709853997	0.00024729911947362	0.000886210563629919
g2_ctrx_quarter_sobre_g1_monto_total_acreditaciones_delta_lag1	0.000668071836003583	0.00111372378236988	0.0010634526763559
g2_ctrx_quarter_sobre_mrentabilidad_annual	0.000667267413030678	8.37111629043338e-05	0.000354484225451967
g1_monto_total_plazos_fijos	0.000665491269034647	0.00776856272947157	0.00407656859269763
mcomisiones_mantenimiento_lag_1	0.000659875428964644	0.00509976003174795	0.00460829493087558
g2_ctrx_quarter_sobre_g1_m_activos_pasivos_margen_absoluto	0.000655351459674352	0.00105441068727303	0.00248138957816377
asg1_monto_total_acreditaciones_lag2	0.000653656262120668	0.000166713253676526	0.000531726338177951
Visa_madelantodolares_lag_1	0.000641542967857944	0.000458208843191438	0.00124069478908189
g1_numero_mes_delta_lag1	0.000625268640250056	0.00863195391464108	0.00496277915632754
mtarjeta_visa_consumo_lag_3	0.000610196217775154	0.000173312518842464	0.000531726338177951
ccajas_transacciones	0.000603589672308531	0.00539398087710445	0.00514002126905353
mcomisiones_otras	0.000600898247597548	0.00183705077220963	0.00230414746543779
mtarjeta_master_consumo	0.000542600302123471	0.00326441014277601	0.00283587380361574
g2_g1_mtotal_caja_ahorro_sobre_g1_monto_total_prestamos_lag_1	0.000532810816311467	0.00134267601435366	0.00230414746543779
g2_g1_mtotal_caja_ahorro_sobre_mrentabilidad_annual	0.000520966657709859	0.000412543869798326	0.000531726338177951
g1_m_activos_pasivos_margen_neto	0.000520161004812871	0.00297952979580822	0.00389932647997164
Visa_status	0.000510100320740555	0.000967179848865081	0.00159517901453385
Master_mpagospesos	0.000508149124600776	0.00654548307616668	0.00496277915632754
g2_ctrx_quarter_sobre_g1_monto_total_prestamos_lag_1	0.000500447977138797	0.00170968434777102	0.00194966323998582
asg1_consumo_total_tc_lag3	0.000499929009536957	0.000174190668071717	0.000531726338177951
mrentabilidad	0.000497999754953912	0.00200980468944656	0.00265863169088976
g2_g1_consumo_total_tc_sobre_g1_monto_total_acreditaciones_delta_lag1	0.00046601542027463	0.000756092755991562	0.000708968450903935
cmobile_app_trx	0.000450270335603297	0.00128112446792808	0.00194966323998582
ctarjeta_visa	0.000442498485563314	0.00421946760871798	0.00354484225451967
ccomisiones_otras_lag_1	0.000436357760429545	0.000712533560989739	0.00124069478908189
g2_g1_mtotal_caja_ahorro_sobre_g1_transacciones_totales_tc	0.00043427748107453	0.00158815735278801	0.00301311591634172
g2_g1_monto_total_acreditaciones_sobre_mrentabilidad_annual	0.000434066014097947	0.000912205320618972	0.0010634526763559
Visa_mfinanciacion_limite	0.00043156518995857	0.0035154683962257	0.00194966323998582
g2_g1_monto_total_prestamos_sobre_g2_limite_compra_tarjetas_credito	0.000407260856198382	0.000414505447268275	0.00141793690180787
Visa_madelantodolares	0.000358495757192784	0.000139937791997588	0.000708968450903935
ascdescubierto_preacordado_lag3	0.000356726340117944	0.00604436667243143	0.00443105281814959
g1_cons_prom_visa	0.000355855776739294	0.000547476089841976	0.00124069478908189
g2_g1_monto_total_acreditaciones_sobre_mrentabilidad_annual_lag_1	0.00034996549386512	0.000311875851567367	0.000708968450903935
g2_g1_transacciones_totales_tc_sobre_mrentabilidad_annual_lag_1	0.000345559332110217	0.000534485265465521	0.000708968450903935
g1_visa_consumo_total	0.000345389786249916	0.000159701812525047	0.000354484225451967
asg2_ctrx_quarter_sobre_g1_mtotal_caja_ahorro_lag3	0.000345006158276633	0.00302515735381501	0.00319035802906771
mcomisiones_lag_1	0.000331506679727013	0.000168871413608666	0.000354484225451967
g2_mcuentas_saldo_sobre_g1_monto_total_prestamos_lag_1	0.000328666411502039	0.00162031658519074	0.00194966323998582
g2_g1_monto_total_prestamos_sobre_mrentabilidad_annual_lag_1	0.000321850679887009	0.000348646277527662	0.000708968450903935
g2_mpasivos_margen_sobre_g1_m_activos_pasivos_margen_absoluto	0.000318827725631267	0.00100749098384346	0.00177242112725984
mttarjeta_visa_debitos_automaticos_lag_1	0.000311068741298827	0.00429630627301355	0.00425381070542361
g2_mpasivos_margen_sobre_mcuentas_saldo	0.00030991144206607	0.00111993857916069	0.00230414746543779
asg1_visa_limite_compra_sobre_sueldo_lag2	0.000296154703535899	0.0018046814069075	0.00194966323998582
g2_g1_mtotal_caja_ahorro_sobre_g2_limite_compra_tarjetas_credito	0.000293232618532199	0.000117643277882748	0.000354484225451967
g2_g1_m_activos_pasivos_margen_absoluto_sobre_g1_consumo_total_tc	0.000292627004739158	0.00024223145820292	0.000531726338177951
Master_status	0.0002837633329307	0.000711329594531485	0.00159517901453385
g2_g1_mtotal_caja_ahorro_sobre_g1_monto_total_acreditaciones_lag_1	0.000282913545157262	0.00182886084751166	0.0021269053527118
g2_g1_consumo_total_tc_sobre_g2_limite_compra_tarjetas_credito	0.000271436097913717	0.00171923659702178	0.00248138957816377
g2_g1_mtotal_caja_ahorro_sobre_mrentabilidad_annual_lag_1	0.000267799196922908	0.000567057685080448	0.00124069478908189
g2_g1_consumo_total_tc_sobre_mrentabilidad_annual	0.000263294826452244	0.000339829594547462	0.000708968450903935
g2_g2_tarjetas_madelantosdolares_sobre_g1_transacciones_totales_tc_lag_2	0.000261744310584707	0.00102840861174164	0.00194966323998582
mplazo_fijo_dolares	0.000259508440674108	0.00205990611643085	0.0010634526763559
Visa_mpagominimo	0.000249599134254665	0.00367605503207594	0.00354484225451967
asg2_ctrx_quarter_sobre_g1_monto_total_acreditaciones_lag3	0.000249388012420369	0.0010028425771449	0.00124069478908189
g2_g1_monto_total_acreditaciones_sobre_g2_limite_compra_tarjetas_credito	0.000240134342209694	0.000667414043255608	0.00141793690180787
mrentabilidad_annual_lag_1	0.000232615222996098	0.000250310350213909	0.000531726338177951
Master_mpagosdolares_lag_1	0.000231981022754466	0.000638482848588507	0.00177242112725984
g2_mrentabilidad_annual_sobre_g2_limite_compra_tarjetas_credito	0.000226935721973011	0.000975697006509371	0.00194966323998582
g2_mcuentas_saldo_sobre_g1_monto_total_acreditaciones_lag_1	0.000221694533081389	0.00102459406254474	0.00124069478908189
mpasivos_margen_lag_1	0.000216639533750087	0.000276553502180413	0.000354484225451967
Master_msaldopesos	0.00021435205758696	0.00120136275185673	0.00177242112725984
g2_mcuentas_saldo_sobre_g2_limite_compra_tarjetas_credito_lag_1	0.000212223843178986	0.00139194095464698	0.00124069478908189
g1_monto_debitos_en_tc_lag_1	0.000212002503275735	0.00165238763862895	0.00248138957816377
g2_ctrx_quarter_sobre_mcuentas_saldo_lag_1	0.000210448564360257	0.00162349163464952	0.0021269053527118
g1_montos_transferencias_totales_absolutas	0.000209860854629874	0.000560291972006708	0.000708968450903935
g2_ctrx_quarter_sobre_g1_consumo_total_tc_delta_lag1	0.000207343954289008	0.00146499702450803	0.0021269053527118
asg2_mcuentas_saldo_sobre_g1_monto_total_acreditaciones_lag2	0.000201469074356706	0.0011444171406101	0.00124069478908189
asg2_g1_m_activos_pasivos_margen_absoluto_sobre_g1_monto_total_acreditaciones_lag2	0.000199448259561112	0.00170057198211621	0.00141793690180787
g1_mtotal_caja_ahorro_lag_3	0.000196997951561181	0.000110365277384389	0.000354484225451967
g1_cant_inversiones_totales	0.00018942928043973	0.00311047879404853	0.00159517901453385
g2_g1_m_activos_pasivos_margen_absoluto_sobre_mrentabilidad_annual_lag_1	0.000184500598026292	0.000169901246836523	0.000354484225451967
g2_g1_monto_total_prestamos_sobre_g2_limite_compra_tarjetas_credito_lag_1	0.000183812334779412	0.00037134022617216	0.000886210563629919
ccomisiones_mantenimiento_lag_1	0.000182686719505394	0.00477554681047012	0.00248138957816377
cliente_antiguedad	0.000176930960093712	0.00117914772015716	0.00177242112725984
Visa_madelantopesos_lag_1	0.000174269874885864	0.000107322698617721	0.000354484225451967
g2_mpasivos_margen_sobre_g1_m_activos_pasivos_margen_absoluto_lag_1	0.000172324287695175	0.000346137626436081	0.000708968450903935
g2_g1_transacciones_totales_tc_sobre_g2_limite_compra_tarjetas_credito	0.000169448290794678	0.00112451680672922	0.00194966323998582
g2_ctrx_quarter_sobre_mcuentas_saldo	0.000169259492288852	0.000458503919130056	0.00159517901453385
g2_g1_mtotal_caja_ahorro_sobre_g1_m_activos_pasivos_margen_absoluto_lag_1	0.000164444700639142	0.00012906629644963	0.000354484225451967
Master_cadelantosefectivo	0.00016398621548272	0.000409143316794952	0.000531726338177951
mtarjeta_visa_consumo_delta_lag1	0.000161560417228317	0.00132840315682101	0.00124069478908189
mprestamos_personales_lag_1	0.000161148402462743	0.000848466693178845	0.0010634526763559
g1_cantidad_debitos_en_tc_lag_1	0.000160996858171666	0.00229133464025318	0.00230414746543779
mrentabilidad_lag_1	0.000158284460778709	3.06652461391434e-05	0.000177242112725984
g2_g1_mtotal_caja_ahorro_sobre_mpasivos_margen	0.000149413033844908	0.00246554492612205	0.00230414746543779
ctarjeta_master	0.000149249129951794	0.000506248379021365	0.000531726338177951
g2_g1_mtotal_caja_ahorro_sobre_mpasivos_margen_lag_1	0.000147771994223498	0.000103899089646559	0.000354484225451967
g2_ctrx_quarter_sobre_mrentabilidad_annual_lag_1	0.000139268947093434	0.000210214404268217	0.000354484225451967
g1_cantidad_comisiones_totales_lag_1	0.000138208968183286	0.000408873117032105	0.000708968450903935
chomebanking_transacciones_lag_1	0.000137574549196767	0.000543099703114249	0.0010634526763559
g1_dinero_prom_por_plazo_fijo	0.000136254437215792	0.00171429736153657	0.000886210563629919
g1_porcentaje_saldo_caja_ahorro	0.000135214803127882	0.00308224575026567	0.00194966323998582
ascdescubierto_preacordado_lag2	0.000134949607970184	0.0017929665483273	0.00159517901453385
tmobile_app_lag_1	0.000134481038364915	0.00112352964726631	0.0010634526763559
g2_ctrx_quarter_sobre_mpasivos_margen	0.000131987587063235	9.13016324398175e-05	0.000354484225451967
g1_cantidad_descuentos_totales_tc	0.000131702479929903	0.00414730505873137	0.0021269053527118
g2_g1_monto_total_prestamos_sobre_g1_monto_total_acreditaciones_lag_3	0.000130901767365558	0.00037516347191831	0.000531726338177951
mcaja_ahorro_dolares	0.000130039546215273	0.00255697174842205	0.0021269053527118
g1_m_activos_pasivos_margen_absoluto_lag_1	0.000126366457391041	0.000108301566022046	0.000354484225451967
Master_mpagosdolares	0.000125983784878916	0.000467508488023193	0.0010634526763559
g2_mpasivos_margen_sobre_g1_monto_total_prestamos_lag_1	0.000120488007377089	0.000829648776312013	0.0010634526763559
Visa_mpagosdolares_lag_1	0.000119794911106379	0.000183148720538616	0.000708968450903935
mcaja_ahorro_dolares_lag_1	0.000118372934687306	0.00106049806950501	0.00141793690180787
Visa_cadelantosefectivo_lag_1	0.00011372364263339	3.52537882195851e-05	0.000177242112725984
ctarjeta_visa_debitos_automaticos_lag_1	0.00011364376927917	0.00236747191773921	0.00194966323998582
Master_delinquency	0.000112627408821811	0.000782693882194771	0.000708968450903935
g1_mtotal_cta_corriente_lag_1	0.000109236124289476	0.000126770811937421	0.000354484225451967
g2_g1_mtotal_caja_ahorro_sobre_g1_consumo_total_tc_lag_3	0.000108957441755392	0.000611034516691761	0.00124069478908189
g1_cons_prom_master	0.000108417731566437	0.000589287076198553	0.000531726338177951
g2_g1_mtotal_caja_ahorro_sobre_mcuentas_saldo_lag_1	0.000106214580525531	0.00133580857187819	0.00124069478908189
asg2_ctrx_quarter_sobre_g1_mtotal_caja_ahorro_lag2	0.000106187879203869	0.00106312928126746	0.000886210563629919
Visa_mpagosdolares	0.000105546325213126	0.000169403925566432	0.000354484225451967
g1_rentabilidad_mensual_lag_1	0.000105143104095201	0.00024447880832624	0.000354484225451967
g1_cantidad_total_prestamos_lag_1	0.000101088191943005	0.000511563184087123	0.000708968450903935
Visa_mpagado	0.00010008440776894	0.000154155841045416	0.000531726338177951
mtransferencias_emitidas_lag_1	9.81389093143849e-05	0.00166636906063895	0.00141793690180787
g1_montos_transferencias_totales_netas	9.71835539169982e-05	0.000700856522286528	0.00159517901453385
g2_g1_monto_total_prestamos_sobre_g1_monto_total_acreditaciones_lag_1	9.69197934987602e-05	0.000120817316114873	0.000531726338177951
g1_consumo_total_tc_delta_lag1	9.60856903528276e-05	0.000976953758999139	0.000886210563629919
g2_mpasivos_margen_sobre_mrentabilidad_annual_lag_1	9.33661811714963e-05	0.000754341715911676	0.000708968450903935
g1_mcomisiones_rentabilidad_lag_1	9.32118107377488e-05	6.75473115224113e-05	0.000177242112725984
mtransferencias_recibidas	9.10212174074574e-05	0.00130584895970056	0.00159517901453385
asg1_mtotal_cta_corriente_lag2	9.05012236650972e-05	0.000742519060569804	0.00124069478908189
ctrx_quarter_lag_2	8.77625763697622e-05	0.000853759453503473	0.00141793690180787
g2_limite_compra_tarjetas_credito	8.75542089669592e-05	0.00208171908441145	0.00159517901453385
Visa_fultimo_cierre	8.71314292702118e-05	5.25918759960353e-05	0.000177242112725984
g2_mcuentas_saldo_sobre_g1_monto_total_acreditaciones_delta_lag1	8.53220112877461e-05	0.000741243903754872	0.000708968450903935
Visa_mconsumosdolares	8.50153665534513e-05	0.000381799343489245	0.000708968450903935
g1_deuda_promedio_prestamo	8.45358235902772e-05	0.00108077963583571	0.000886210563629919
g1_cantidad_interacciones_con_linea_caja	8.34882115048756e-05	0.0017280437744714	0.000886210563629919
Master_mpagominimo	7.87848115617371e-05	0.000265043113630335	0.000531726338177951
mtransferencias_emitidas	7.84922965089804e-05	0.00153169086073163	0.0010634526763559
Master_madelantodolares_lag_1	7.84098157569764e-05	0.000592879357776163	0.000886210563629919
ctransferencias_emitidas_lag_1	7.79023539298432e-05	0.00119832886963932	0.0010634526763559
asg2_mcuentas_saldo_sobre_g1_monto_total_acreditaciones_lag3	7.7789561533722e-05	0.000118610212812517	0.000177242112725984
g2_g1_consumo_total_tc_sobre_g1_transacciones_totales_tc	7.64794963403285e-05	0.000559656921665885	0.000531726338177951
Visa_delinquency_lag_1	7.0419451956413e-05	0.000465686257586628	0.000354484225451967
cseguro_vivienda	6.96017010226182e-05	0.00276487003915425	0.00141793690180787
Master_madelantodolares	6.86863279601778e-05	0.000417914696820902	0.000531726338177951
Master_msaldototal	6.73841654417441e-05	0.000164316848743912	0.000531726338177951
asg2_g1_m_activos_pasivos_margen_absoluto_sobre_g1_monto_total_acreditaciones_lag3	6.68174892704498e-05	0.000758430914268713	0.000708968450903935
g2_g1_mtotal_caja_ahorro_sobre_g1_consumo_total_tc_lag_2	6.58066237465681e-05	0.000236174412770659	0.000531726338177951
g2_ctrx_quarter_sobre_g1_mtotal_caja_ahorro_lag_1	6.37710875232434e-05	0.000621423252633494	0.000708968450903935
g1_cantidad_interacciones_con_linea_caja_lag_1	6.03643169878882e-05	7.74700742204326e-05	0.000354484225451967
Master_madelantopesos	5.97838970340551e-05	0.000301964616853239	0.000354484225451967
asg2_g1_consumo_total_tc_sobre_g1_monto_total_acreditaciones_lag3	5.92274038499886e-05	0.000384968123342752	0.000531726338177951
asmcuentas_saldo_lag2	5.91642371365321e-05	0.000467337186227436	0.000531726338177951
g2_mpasivos_margen_sobre_g1_monto_total_acreditaciones_lag_1	5.7711168504912e-05	0.00044930317226539	0.000531726338177951
g2_g1_transacciones_totales_tc_sobre_mrentabilidad_annual	5.6517710329565e-05	0.00046044972146415	0.0010634526763559
g1_deuda_promedio_prestamo_lag_1	5.59465163540781e-05	0.000175169737721374	0.000354484225451967
mcuenta_corriente_lag_1	5.50124406037775e-05	0.000474940599464134	0.000354484225451967
Visa_fultimo_cierre_lag_1	5.46214795176938e-05	0.000450479228867901	0.000354484225451967
Master_mpagominimo_lag_1	5.00637378740786e-05	0.000135066106453085	0.000177242112725984
Master_mconsumototal	4.87864297275513e-05	0.000179446821991348	0.000531726338177951
cdescubierto_preacordado_lag_1	4.44812465971342e-05	0.000442552223100847	0.000531726338177951
Visa_msaldopesos	4.43804263563281e-05	0.000411446486629758	0.000708968450903935
g2_g1_mtotal_caja_ahorro_sobre_g1_consumo_total_tc_lag_1	4.41204640509674e-05	0.000415023397562175	0.000708968450903935
ccomisiones_otras	4.4025654651391e-05	0.000524878409975259	0.000531726338177951
Master_mpagado_lag_1	4.29253224686226e-05	0.000159003257150142	0.000531726338177951
Visa_mpagospesos	4.2229840640463e-05	0.000155667422652839	0.000531726338177951
g1_comision_promedio	4.09729810136319e-05	0.000116417671174026	0.000354484225451967
g2_g1_m_activos_pasivos_margen_absoluto_sobre_g1_consumo_total_tc_lag_1	4.08364511858894e-05	8.35803101748713e-05	0.000354484225451967
ctarjeta_master_transacciones	3.90281372460151e-05	0.000685683673028819	0.000354484225451967
Master_msaldototal_lag_1	3.82608498290757e-05	0.000204901419410441	0.000354484225451967
Visa_cadelantosefectivo	3.77367123156437e-05	9.06245150700486e-05	0.000177242112725984
Master_cconsumos_lag_1	3.76043025272163e-05	0.000434326298733878	0.000354484225451967
g1_cantidad_pagos_servicio_totales_lag_1	3.70648446171524e-05	0.000740836379411956	0.000531726338177951
g2_g1_monto_total_prestamos_sobre_g1_transacciones_totales_tc_lag_1	3.65821035418176e-05	0.000133285134064141	0.000531726338177951
g2_ctrx_quarter_sobre_g1_transacciones_totales_tc	3.62445254945634e-05	0.000400738809800292	0.000708968450903935
g1_montos_transferencias_totales_absolutas_lag_1	3.50013611549423e-05	6.23597187701489e-05	0.000177242112725984
g1_cantidad_pagos_servicio_totales	3.48959833850466e-05	0.00138243501957712	0.000708968450903935
Master_msaldopesos_lag_1	3.41380576301924e-05	0.000220206334869601	0.000354484225451967
Master_mconsumospesos	3.26506223195168e-05	0.000116196010290733	0.000354484225451967
Master_mconsumosdolares	3.21946001067077e-05	0.000241065918357646	0.000354484225451967
g1_comision_promedio_lag_1	3.21773213242456e-05	2.12917817614006e-05	0.000177242112725984
asg2_g1_consumo_total_tc_sobre_g1_monto_total_acreditaciones_lag2	3.1498137022002e-05	0.000213860685349329	0.000531726338177951
g1_consumo_promedio_tc	3.03181280458669e-05	0.000272559561374499	0.000354484225451967
Master_mlimitecompra	2.99851962638357e-05	0.000179965581266574	0.000354484225451967
g2_mcuentas_saldo_sobre_mrentabilidad_annual_lag_1	2.92908226055295e-05	0.000392160371820567	0.000531726338177951
Visa_mpagospesos_lag_1	2.84366537434534e-05	2.32353593968486e-05	0.000177242112725984
Master_mpagospesos_lag_1	2.84010179313257e-05	0.000314252638702828	0.000354484225451967
Visa_status_lag_1	2.82305589143022e-05	0.000126688700332843	0.000177242112725984
g2_mpasivos_margen_sobre_g1_consumo_total_tc	2.75899954664449e-05	0.00020192699732048	0.000354484225451967
asg2_ctrx_quarter_sobre_g1_consumo_total_tc_lag3	2.74663896438217e-05	0.000132781340943443	0.000354484225451967
asg2_ctrx_quarter_sobre_g1_monto_total_acreditaciones_lag2	2.74509149907718e-05	0.000153276680589506	0.000177242112725984
g1_master_limite_compra_sobre_sueldo_lag_1	2.69837563932073e-05	0.000153276680589506	0.000177242112725984
Visa_mpagado_lag_1	2.66425226236156e-05	7.58796169337351e-05	0.000177242112725984
g2_g1_mtotal_caja_ahorro_sobre_g1_consumo_total_tcdelta_lag1	2.63025879097458e-05	0.0001868777199603	0.000354484225451967
Master_mconsumosdolares_lag_1	2.62039865881852e-05	0.000211444460374231	0.000177242112725984
Visa_mpagominimo_lag_1	2.58039403665718e-05	0.000555509274408053	0.000531726338177951
g2_ctrx_quarter_sobre_g1_consumo_total_tc_lag_1	2.54506983281223e-05	0.000413420401064926	0.000354484225451967
Visa_fechaalta	2.49945110248322e-05	0.000261861592320945	0.000531726338177951
Visa_cconsumos	2.48766880122119e-05	0.000203713025842711	0.000354484225451967
g2_mpasivos_margen_sobre_g2_limite_compra_tarjetas_credito	2.43244510671073e-05	9.70176922432168e-05	0.000354484225451967
g2_g1_consumo_total_tc_sobre_mrentabilidad_annual_lag_1	2.42262650512878e-05	0.000176735925568295	0.000531726338177951
matm_other_lag_1	2.33137227746879e-05	0.000465733582994193	0.000354484225451967
matm	2.29584501233227e-05	0.000615601418521735	0.000354484225451967
g1_cons_prom_visa_lag_1	2.29504865712481e-05	0.000130974683397402	0.000177242112725984
ctarjeta_master_transacciones_lag_1	2.14318914641094e-05	6.70085299593693e-05	0.000177242112725984
Visa_mlimitecompra	2.11263100156935e-05	0.000151787548213876	0.000354484225451967
g1_visa_consumo_total_lag_1	2.0640559134528e-05	0.000119115826141197	0.000177242112725984
g2_g1_consumo_total_tc_sobre_g2_limite_compra_tarjetas_credito_lag_1	2.05660187187498e-05	3.08648622813065e-05	0.000177242112725984
asg1_m_activos_pasivos_margen_absoluto_lag3	2.0454217381422e-05	0.000181475342666015	0.000177242112725984
mtarjeta_master_consumo_lag_1	1.97934303496488e-05	0.000139390920621287	0.000177242112725984
g2_ctrx_quarter_sobre_g2_limite_compra_tarjetas_credito	1.94946392790773e-05	4.12420702391459e-05	0.000177242112725984
g1_monto_total_cajeros_automaticos	1.81789909319813e-05	0.000489975315160447	0.000354484225451967
g2_ctrx_quarter_sobre_g1_transacciones_totales_tc_lag_1	1.8023747066408e-05	6.99993339211804e-05	0.000177242112725984
Master_fultimo_cierre_lag_1	1.76153653232302e-05	0.00026184440146777	0.000354484225451967
g2_g1_m_activos_pasivos_margen_absoluto_sobre_mcuentas_saldo_delta_lag1	1.74256603674827e-05	0.000285767597236956	0.000354484225451967
cliente_antiguedad_lag_1	1.69041431495279e-05	0.000193184336131599	0.000354484225451967
g2_g1_monto_total_prestamos_sobre_g1_monto_total_acreditaciones_lag_2	1.47702367313159e-05	4.17917730500874e-05	0.000177242112725984
Visa_mconsumospesos_lag_1	1.47202019338032e-05	0.000106273449838043	0.000177242112725984
Master_status_lag_1	1.44503316200469e-05	3.03428670807767e-05	0.000177242112725984
mextraccion_autoservicio	1.41599560367417e-05	0.000192332074304775	0.000177242112725984
g2_g1_consumo_total_tc_sobre_mcuentas_saldo	1.41507543060599e-05	0.000142174423118339	0.000177242112725984
catm_trx_other_lag_1	1.40531961499758e-05	0.000320174786498998	0.000354484225451967
g1_monto_transferencia_promedio	1.39192025247468e-05	5.1629390463559e-05	0.000177242112725984
cpagomiscuentas_lag_1	1.29306716793062e-05	0.000233282911266601	0.000177242112725984
g2_ctrx_quarter_sobre_g2_limite_compra_tarjetas_credito_lag_1	1.29112580705624e-05	3.36279379998799e-05	0.000177242112725984
g1_monto_transferencia_promedio_lag_1	1.26874934008724e-05	3.98352517134252e-05	0.000177242112725984
Master_mlimitecompra_lag_1	1.18988406961598e-05	6.00436052341291e-05	0.000177242112725984
g1_monto_promedio_operado_cajero_automatico_lag_1	1.13780823785097e-05	5.80878928787927e-05	0.000177242112725984
numero_de_cliente	1.12630008996886e-05	4.73349130950779e-05	0.000177242112725984
Visa_Fvencimiento	1.10567151846688e-05	3.75735421715714e-05	0.000177242112725984
asmautoservicio_lag2	1.10507285911035e-05	7.05322503696097e-05	0.000177242112725984
g1_cantidad_debitos_totales_lag_1	1.06182131991501e-05	0.000180828562095966	0.000177242112725984
ctrx_quarter_lag_1	9.97287038186936e-06	4.39877528592127e-05	0.000177242112725984
ccallcenter_transacciones	9.97234209233034e-06	0.000345608754894281	0.000177242112725984
Visa_msaldopesos_lag_1	9.69363324695045e-06	2.69728531224551e-05	0.000177242112725984
g1_mtotal_caja_ahorro_delta_lag1	9.66622306803585e-06	6.59030569775421e-05	0.000177242112725984
g1_monto_total_debitado_tc_lag_1	9.2332650272304e-06	5.53545472239457e-05	0.000177242112725984
g2_ctrx_quarter_sobre_mpasivos_margen_lag_1	9.19336059435469e-06	0.000265409379925631	0.000177242112725984
active_quarter	9.04779722185791e-06	0.000106812635891748	0.000177242112725984
cproductos_lag_1	8.5108043190377e-06	0.000113469338731824	0.000177242112725984
Visa_cconsumos_lag_1	8.33046412082185e-06	6.27953552141401e-05	0.000177242112725984
g1_transacciones_totales_tc_lag_1	8.16163330866672e-06	0.000176557342940605	0.000177242112725984
Master_msaldodolares_lag_1	7.59710176590142e-06	3.49560830916579e-05	0.000177242112725984
g2_g1_mtotal_caja_ahorro_sobre_g1_m_activos_pasivos_margen_absoluto_delta_lag1	7.56603483283386e-06	0.000161748333034215	0.000177242112725984
cpagomiscuentas	7.43687010417257e-06	0.000345608754894281	0.000177242112725984
Visa_msaldototal_lag_1	6.99585255245043e-06	0.000130324869147382	0.000177242112725984
g1_m_activos_pasivos_margen_absoluto_delta_lag1	6.87078774270188e-06	0.000286888036373312	0.000177242112725984
Visa_mconsumototal_lag_1	6.8612026925597e-06	0.000176111998720703	0.000177242112725984
g2_g1_m_activos_pasivos_margen_absoluto_sobre_g1_transacciones_totales_tc_lag_1	6.85305599323276e-06	7.53501386559409e-05	0.000177242112725984
g1_porcentaje_saldo_cta_corriente	6.71638841812021e-06	0.000345608754894281	0.000177242112725984
mtarjeta_visa_consumo_lag_2	6.19926157514311e-06	3.77466641753116e-05	0.000177242112725984
