Feature	Gain	Cover	Frequency
ctrx_quarter	0.115691706048716	0.0160517443832021	0.00684769775678867
mcaja_ahorro	0.0792425318165676	0.010534839717869	0.00487996851633215
g2_g2_tarjetas_madelantosdolares_sobre_g1_transacciones_totales_tc	0.066695996057806	0.00991107405319123	0.00810704447068083
g1_mtotal_caja_ahorro	0.047589063813219	0.00664243069856096	0.0033844942935852
g1_transacciones_totales_tc	0.0313327377842568	0.00723416848454242	0.00464384100747737
g1_visa_abierta	0.0262821410831611	0.00945280189479419	0.00865800865800866
g1_consumo_total_tc	0.0253909546369416	0.0141002250689714	0.00944510035419126
g1_numero_mes_lag_3	0.0246828459823161	0.034726121843653	0.0221172766627312
cdescubierto_preacordado	0.0234599937164305	0.00873257487658056	0.00700511609602519
mcuentas_saldo	0.0225043433591932	0.0125351905997076	0.00960251869342778
g2_g1_consumo_total_tc_sobre_g1_monto_total_acreditaciones	0.0216148184442778	0.00507482723849942	0.00314836678473042
mtarjeta_visa_consumo	0.0204504736617156	0.00860126825631435	0.00763478945297127
foto_mes	0.0172228592625479	0.0249165984704645	0.0191263282172373
g1_visa_limite_compra_sobre_sueldo	0.016927546490757	0.0104666521157273	0.00377804014167651
ctarjeta_visa_transacciones	0.0163058514317817	0.00518843645196285	0.00393545848091303
g1_numero_mes	0.0147682820183795	0.0193131580978599	0.0181031090121999
g2_ctrx_quarter_sobre_g1_monto_total_acreditaciones	0.0146003802116122	0.00372728042649289	0.00204643841007477
g2_g1_mtotal_caja_ahorro_sobre_g1_m_activos_pasivos_margen_absoluto	0.0130219874595479	0.00157472093715826	0.00314836678473042
g2_g1_m_activos_pasivos_margen_absoluto_sobre_g1_monto_total_acreditaciones	0.0125175803988517	0.00447146318146422	0.00188902007083825
g2_g1_monto_total_prestamos_sobre_g1_monto_total_acreditaciones	0.0109245940641073	0.0131498790099187	0.00566706021251476
g1_mtotal_cta_corriente	0.00922612413735687	0.0117256647750689	0.0081857536402991
mcuenta_corriente	0.0091158861245592	0.010154025244038	0.0085792994883904
g2_g1_mtotal_caja_ahorro_sobre_g1_consumo_total_tc	0.00889313933901713	0.00108660474710673	0.00228256591892956
mautoservicio	0.00885431376397992	0.00977678871472724	0.00511609602518694
g1_acreditaciones_sobre_edad	0.00864509483376623	0.00453137147325069	0.00133805588351043
cdescubierto_preacordado_delta_lag1	0.00854747667691762	0.0174906045800435	0.00354191263282172
Visa_Finiciomora	0.00830596336848705	0.0181574474470762	0.00385674931129477
g1_numero_mes_lag_1	0.00772141729468466	0.0124295311221221	0.0110979929161747
g1_visa_limite_compra_sobre_sueldo_delta_lag1	0.00731604025898991	0.00439823388366587	0.00196772924045651
ctarjeta_debito_transacciones	0.00731094409349721	0.00236604487813302	0.00149547422274695
g1_monto_total_prestamos	0.00692093929702524	0.0128919384543033	0.00661157024793388
g2_g1_m_activos_pasivos_margen_absoluto_sobre_g2_limite_compra_tarjetas_credito_lag_1	0.00637419661846733	0.00554189035434241	0.00810704447068083
g1_visa_en_proceso_cierre	0.00624719304301939	0.00619588519443067	0.00125934671389217
g1_m_activos_pasivos_margen_absoluto	0.00620127297562085	0.00923104436587006	0.0109405745769382
g1_master_abierta	0.00609522371238962	0.00510504873152114	0.00850059031877214
mcuenta_corriente_lag_1	0.0053934567972333	0.0002503833898026	0.000708382526564345
g2_ctrx_quarter_sobre_g1_monto_total_prestamos	0.00518139815353514	0.00473116069938661	0.00425029515938607
mprestamos_personales	0.00491216896282434	0.00886810399378308	0.00543093270365998
ctarjeta_visa_delta_lag1	0.00485862256924676	0.00273496394122442	0.000550964187327824
g2_g1_mtotal_caja_ahorro_sobre_g1_monto_total_prestamos	0.00480412285679157	0.00450921264722149	0.00472255017709563
asg1_m_activos_pasivos_margen_absoluto_lag2	0.00444928995876192	0.0108846867387307	0.0118850846123573
ccaja_seguridad	0.00438903444677074	0.0187540384541103	0.00377804014167651
g1_monto_prom_trx_tarjeta_debito	0.00435957460146935	0.00208007615148386	0.00212514757969303
cmobile_app_trx_lag_1	0.00424466037074203	0.00629929808546624	0.0113341204250295
g2_g1_mtotal_caja_ahorro_sobre_g1_monto_total_acreditaciones	0.00421022231719568	0.00122014412562315	0.00157418339236521
g2_g1_m_activos_pasivos_margen_absoluto_sobre_g1_transacciones_totales_tc	0.00411208768980524	0.00072781209670556	0.00165289256198347
g2_ctrx_quarter_sobre_g1_mtotal_caja_ahorro	0.00404669084345425	0.00184565676550255	0.0025974025974026
g2_mcuentas_saldo_sobre_g1_monto_total_acreditaciones	0.00396523666005981	0.00177826044940202	0.00118063754427391
mcuenta_debitos_automaticos	0.00387692890075359	0.0151376113121568	0.00747737111373475
tcallcenter	0.00373660103966256	0.0181671285372986	0.00975993703266431
g2_g1_consumo_total_tc_sobre_g2_limite_compra_tarjetas_credito	0.0037055214205249	0.00398371753863004	0.00503738685556867
g2_g1_consumo_total_tc_sobre_g1_monto_total_prestamos	0.0036993016951793	0.00118915106469136	0.00157418339236521
g2_mcuentas_saldo_sobre_g1_monto_total_prestamos	0.00362504510459163	0.00192802221608134	0.00149547422274695
Visa_Finiciomora_lag_1	0.0035156303231704	0.00904862399637808	0.00188902007083825
g2_g1_m_activos_pasivos_margen_absoluto_sobre_mcuentas_saldo	0.00350158258869957	0.00184315358716837	0.00322707595434868
asg1_monto_total_acreditaciones_lag3	0.00342674488898903	0.00179920878704393	0.00291223927587564
asctarjeta_visa_lag3	0.00332719756611371	0.00142150081514357	0.00141676505312869
mpayroll	0.00324165763400447	0.00225445382819407	0.000787091696182605
g2_mpasivos_margen_sobre_g2_limite_compra_tarjetas_credito_lag_1	0.00321172955914523	0.0018850984054217	0.00306965761511216
g1_visa_abierta_delta_lag1	0.00316069374525693	0.00310589348545155	0.000629673356946084
g2_g1_m_activos_pasivos_margen_absoluto_sobre_mcuentas_saldo_lag_1	0.00304995679864008	0.0011299451993162	0.0025974025974026
g2_ctrx_quarter_sobre_mcuentas_saldo_lag_1	0.0029347675892992	0.00162467746255873	0.00346320346320346
g1_monto_pago_servicios_totales	0.00286455764899007	0.0101258603264845	0.00503738685556867
g1_master_limite_compra_sobre_sueldo	0.00282510556370973	0.00412026226762523	0.00196772924045651
asg2_g1_mtotal_caja_ahorro_sobre_g1_m_activos_pasivos_margen_absoluto_lag2	0.00262890670362553	0.00515012975694161	0.00873671782762692
g2_g1_mtotal_caja_ahorro_sobre_mcuentas_saldo	0.00259072592235405	0.0023421820982792	0.00346320346320346
asg2_g1_m_activos_pasivos_margen_absoluto_sobre_mcuentas_saldo_lag2	0.00256833387015384	0.00426314650381644	0.00645415190869736
ctrx_quarter_delta_lag1	0.00256006730322401	0.0114000480083228	0.00739866194411649
g2_ctrx_quarter_sobre_g1_m_activos_pasivos_margen_absoluto_lag_1	0.00247975165756368	0.00260268319406478	0.00401416765053129
g2_g1_m_activos_pasivos_margen_absoluto_sobre_g1_monto_total_acreditaciones_delta_lag1	0.00247831621465698	0.00334171618777775	0.00118063754427391
thomebanking	0.00245918442906951	0.00773298112052939	0.0149547422274695
g2_g2_tarjetas_madelantosdolares_sobre_mrentabilidad_annual_lag_1	0.00238967650387606	0.00781166901161383	0.00708382526564345
g2_g1_monto_total_prestamos_sobre_mrentabilidad_annual	0.00238792331630001	0.00424520787000692	0.00393545848091303
mcuentas_saldo_delta_lag1	0.00235947360411302	0.0112773646133482	0.00645415190869736
g2_mcuentas_saldo_sobre_mrentabilidad_annual	0.00232255490499773	0.00147169088516203	0.00283353010625738
g1_monto_total_acreditaciones_lag_1	0.0023130330597441	0.000140253274124163	0.000157418339236521
asmautoservicio_lag3	0.0022382858610183	0.00125874940948711	0.0029909484454939
g2_g1_monto_total_acreditaciones_sobre_g1_transacciones_totales_tc	0.00221928758217148	0.00181719966109695	0.00346320346320346
mrentabilidad_annual	0.00210630145715962	0.00797214258900609	0.0081857536402991
g2_mpasivos_margen_sobre_g1_monto_total_prestamos	0.00210105162865678	0.00222116603774283	0.00204643841007477
Visa_delinquency	0.00204508533285877	0.0027498995292718	0.00110192837465565
g1_mtotal_cta_corriente_delta_lag1	0.00199991105414108	0.00782645991467309	0.00377804014167651
asmcuentas_saldo_lag3	0.00199510182300193	0.00150399148865897	0.00291223927587564
g2_g1_mtotal_caja_ahorro_sobre_g2_limite_compra_tarjetas_credito_lag_1	0.00190753269912589	0.00113675205182782	0.00220385674931129
g1_numero_mes_lag_2	0.00183819965166652	0.0044564297710001	0.00661157024793388
g1_monto_total_debitado_tc	0.00181102033544836	0.00553927219625661	0.00653286107831562
g2_g1_m_activos_pasivos_margen_absoluto_sobre_g2_limite_compra_tarjetas_credito	0.00174453480147829	0.00434704791998586	0.00763478945297127
g2_mpasivos_margen_sobre_mrentabilidad_annual	0.00173692228112063	0.00161939684461201	0.00330578512396694
mpayroll_lag_1	0.00173180528717254	0.000110710392108643	0.000157418339236521
asg1_transacciones_totales_tc_lag3	0.00172287755587614	0.00112500030175783	0.00236127508854782
g2_g1_consumo_total_tc_sobre_g1_monto_total_prestamos_lag_1	0.00169735288024123	0.00550693369297518	0.0029909484454939
mactivos_margen	0.00166831811920862	0.00864084817923099	0.00842188114915388
g2_mrentabilidad_annual_sobre_g2_limite_compra_tarjetas_credito_lag_1	0.00160608074982678	0.00305458665218855	0.00550964187327824
g2_ctrx_quarter_sobre_g1_monto_total_acreditaciones_delta_lag1	0.00152084860721726	0.00436476888611415	0.00141676505312869
Master_status	0.00152006997875342	0.000923669476279526	0.00125934671389217
asg1_consumo_total_tc_lag3	0.0014740715665899	0.000837754249939261	0.00196772924045651
internet_lag_1	0.0014198747194435	0.0101584374959764	0.00204643841007477
ccaja_ahorro	0.00138048055569153	0.00760392108681313	0.00157418339236521
g1_c_cuentas	0.00136336733068011	0.00820489182367327	0.00165289256198347
g2_g1_m_activos_pasivos_margen_absoluto_sobre_mrentabilidad_annual	0.00135662041440683	0.00192663733746944	0.00346320346320346
g2_mpasivos_margen_sobre_g1_m_activos_pasivos_margen_absoluto	0.001345257527938	0.00157530146966809	0.00393545848091303
cliente_edad_lag_1	0.00131105404250439	0.00796001184109113	0.0055883510428965
mpasivos_margen	0.00129903429414901	0.00143957337859696	0.00251869342778434
g1_monto_total_acreditaciones	0.00124182375243219	0.00229357280778574	0.00118063754427391
g1_dinero_prom_por_inversion	0.00124023990819548	0.0106519818058387	0.00267611176702086
cmobile_app_trx	0.00115031877147832	0.00363027592807246	0.00574576938213302
g2_g2_tarjetas_madelantosdolares_sobre_g1_transacciones_totales_tc_lag_3	0.00112215921435381	0.00281693887037511	0.00550964187327824
mpagomiscuentas	0.00112152552884892	0.0047681209277397	0.00291223927587564
g1_monto_total_comisiones	0.00109938243192907	0.00386691731695973	0.00621802439984258
Visa_status	0.00109347386046669	0.00140791809575497	0.00110192837465565
g2_ctrx_quarter_sobre_g1_consumo_total_tc	0.00107562452241669	0.00268245404588326	0.00377804014167651
g2_g1_monto_total_prestamos_sobre_g1_monto_total_acreditaciones_lag_1	0.00103001947460871	0.00122063272554761	0.000944510035419126
g2_g1_monto_total_prestamos_sobre_g1_monto_total_acreditaciones_delta_lag1	0.000999223079941721	0.00137185158529307	0.000472255017709563
g2_g1_monto_total_prestamos_sobre_mrentabilidad_annual_lag_1	0.000979640761045861	0.0016198631656091	0.00228256591892956
g2_ctrx_quarter_sobre_mcuentas_saldo	0.000927323561684963	0.00200489527086353	0.00456513183785911
g2_g1_transacciones_totales_tc_sobre_mrentabilidad_annual	0.000880446398577841	0.000669405455839969	0.00173160173160173
mcaja_ahorro_lag_1	0.000879666944539017	0.00101595852448556	0.00188902007083825
g2_mcuentas_saldo_sobre_g2_limite_compra_tarjetas_credito	0.000878522224165574	0.00288881811639056	0.00503738685556867
asg2_g1_mtotal_caja_ahorro_sobre_g1_m_activos_pasivos_margen_absoluto_lag3	0.000860114620082199	0.00206870314317922	0.00377804014167651
g2_ctrx_quarter_sobre_g1_m_activos_pasivos_margen_absoluto	0.000857527883184497	0.00261788971435539	0.00566706021251476
cliente_edad	0.00085355253470533	0.00467015741112372	0.00432900432900433
g1_visa_limite_compra_sobre_sueldo_lag_1	0.000826546509994954	0.000799897742898744	0.000472255017709563
mtarjeta_visa_consumo_lag_3	0.000747411667970291	0.000763814331181593	0.00188902007083825
g1_cantidad_total_acreditaciones	0.000737722667292685	0.000390709134460632	7.87091696182605e-05
g2_g1_m_activos_pasivos_margen_absoluto_sobre_g1_monto_total_prestamos	0.000737637459553932	0.0023104015925006	0.00196772924045651
ccaja_seguridad_lag_1	0.000737061256608479	0.00222918696375648	0.000472255017709563
g2_g1_monto_total_prestamos_sobre_g1_transacciones_totales_tc	0.00073492504260725	0.00212015133239521	0.00377804014167651
mrentabilidad	0.000734299483846955	0.00202417064031545	0.00306965761511216
g2_g1_consumo_total_tc_sobre_g1_monto_total_acreditaciones_lag_1	0.000729725465909226	0.000222484282899831	0.000550964187327824
g1_transacciones_totales_tc_delta_lag1	0.000700751563485028	0.00421536844778567	0.00204643841007477
g2_g1_transacciones_totales_tc_sobre_mrentabilidad_annual_lag_1	0.000679957645064824	0.00177975211321753	0.00291223927587564
chomebanking_transacciones	0.000669355706048984	0.00551345783358081	0.00511609602518694
g1_mtotal_caja_ahorro_lag_3	0.000665419774755696	0.000655270628779911	0.00157418339236521
g2_g1_consumo_total_tc_sobre_mrentabilidad_annual	0.000658987638937226	0.000768994309835702	0.00181031090121999
g2_g1_monto_total_acreditaciones_sobre_g2_limite_compra_tarjetas_credito	0.00065158107393238	0.00112448327699499	0.00110192837465565
mrentabilidad_annual_lag_1	0.000645079039699558	0.00130543759063396	0.00220385674931129
g2_g1_mtotal_caja_ahorro_sobre_g1_transacciones_totales_tc	0.00063596871017123	0.00130064480437282	0.00228256591892956
g2_mcuentas_saldo_sobre_g1_monto_total_prestamos_lag_1	0.000635601394257573	0.00124396132330372	0.000865800865800866
g2_g1_m_activos_pasivos_margen_absoluto_sobre_mrentabilidad_annual_lag_1	0.000631349835481729	0.000958476331066148	0.00228256591892956
g2_mpasivos_margen_sobre_g1_m_activos_pasivos_margen_absoluto_lag_1	0.000612669710882645	0.00240306067576473	0.00432900432900433
Visa_madelantodolares	0.000606811642753159	0.00204214077191885	0.00314836678473042
g2_mpasivos_margen_sobre_g1_monto_total_acreditaciones	0.00059147812958573	0.000916032413623727	0.000787091696182605
g2_g1_consumo_total_tc_sobre_g2_limite_compra_tarjetas_credito_lag_1	0.000584935904358769	0.000812312739197432	0.00157418339236521
asg1_visa_limite_compra_sobre_sueldo_lag3	0.000580494068890517	0.00329128463467293	0.00181031090121999
g2_mpasivos_margen_sobre_mrentabilidad_annual_lag_1	0.000572992004086855	0.0013591467068589	0.00228256591892956
Master_delinquency	0.000572578766395522	0.00213682518893695	0.00125934671389217
mcomisiones_otras	0.000567127769487143	0.00210291000340451	0.00440771349862259
mcomisiones_mantenimiento_lag_1	0.000563169152700842	0.00284550173566583	0.00330578512396694
g2_g1_mtotal_caja_ahorro_sobre_g1_monto_total_prestamos_lag_1	0.000541582954081359	0.00288812388452724	0.00228256591892956
mplazo_fijo_dolares	0.00053980289782559	0.00438271853134754	0.00133805588351043
g1_numero_mes_delta_lag1	0.000523421063493321	0.00463710905512184	0.00110192837465565
g2_mpasivos_margen_sobre_g2_limite_compra_tarjetas_credito	0.00052113536041163	0.000764017402324202	0.00165289256198347
g2_g1_monto_total_acreditaciones_sobre_mrentabilidad_annual_lag_1	0.000518238655133871	0.0011466349327947	0.00173160173160173
g2_g1_mtotal_caja_ahorro_sobre_g2_limite_compra_tarjetas_credito	0.000515797845339923	0.000792885258448273	0.00149547422274695
g2_ctrx_quarter_sobre_mpasivos_margen_lag_1	0.000508664360719137	0.00165063574198377	0.00306965761511216
g1_cantidad_total_acreditaciones_lag_1	0.000502391730420278	0.000311811770242963	7.87091696182605e-05
g2_g1_mtotal_caja_ahorro_sobre_mrentabilidad_annual_lag_1	0.000498970557391726	0.00144027017125653	0.00236127508854782
Visa_madelantodolares_lag_1	0.000496032789827248	0.000470289975197375	0.000787091696182605
g2_g1_consumo_total_tc_sobre_mrentabilidad_annual_lag_1	0.000493748874895329	0.00105297560251539	0.00220385674931129
g1_mcomisiones_rentabilidad_lag_1	0.000493536079511181	0.00117971811562557	0.000944510035419126
mtarjeta_visa_consumo_delta_lag1	0.00048220005854193	0.00187368647301406	0.00188902007083825
g2_ctrx_quarter_sobre_mrentabilidad_annual_lag_1	0.000480179789792553	0.00131889227021007	0.00243998425816608
mcomisiones_mantenimiento	0.000477518757735473	0.00196020271823416	0.00212514757969303
g2_g1_monto_total_acreditaciones_sobre_mrentabilidad_annual	0.000452326929501755	0.000967519783022341	0.00133805588351043
asg1_mtotal_cta_corriente_lag3	0.00045179915160451	0.00185360342842495	0.0025974025974026
ccajas_transacciones	0.000437822913343684	0.00405135636213543	0.00393545848091303
g1_cantidad_comisiones_totales_lag_1	0.000426723792753094	0.00201129521285105	0.00362062180243998
cliente_antiguedad	0.000420835793534147	0.00422121551386286	0.0055883510428965
g2_mrentabilidad_annual_sobre_g2_limite_compra_tarjetas_credito	0.000417652256288552	0.00154147591200439	0.00346320346320346
g2_g1_m_activos_pasivos_margen_absoluto_sobre_g1_monto_total_prestamos_lag_1	0.000416724289529803	0.00121670881745403	0.000787091696182605
mcomisiones	0.000406571419925424	0.00144408652590762	0.0029909484454939
g1_m_activos_pasivos_margen_neto	0.000405145100634301	0.00242210070804129	0.00314836678473042
g2_g1_consumo_total_tc_sobre_g1_monto_total_acreditaciones_delta_lag1	0.000402769159828599	0.000868673559939052	0.000629673356946084
g1_cons_prom_visa	0.00039844938609659	0.0029916555965088	0.0051948051948052
asg2_g1_m_activos_pasivos_margen_absoluto_sobre_g1_monto_total_acreditaciones_lag2	0.000397271359722635	0.00344772137285699	0.00283353010625738
g2_mpasivos_margen_sobre_mcuentas_saldo_lag_1	0.000382422523425807	0.000624255801080002	0.00149547422274695
g2_g1_transacciones_totales_tc_sobre_g2_limite_compra_tarjetas_credito	0.000376310632684105	0.0018685817817697	0.00330578512396694
asg2_g1_m_activos_pasivos_margen_absoluto_sobre_mcuentas_saldo_lag3	0.000375981230394658	0.00132175754513398	0.00291223927587564
g2_ctrx_quarter_sobre_g1_consumo_total_tc_delta_lag1	0.000362671608079794	0.00319909289672439	0.00440771349862259
g1_deuda_promedio_prestamo	0.00035774918151516	0.000672575977676855	0.000629673356946084
g2_mcuentas_saldo_sobre_mrentabilidad_annual_lag_1	0.00035736034962657	0.00141659560992707	0.00212514757969303
ctarjeta_visa	0.0003544037725022	0.00217942326631361	0.000708382526564345
g2_mcuentas_saldo_sobre_g2_limite_compra_tarjetas_credito_lag_1	0.000354390282640336	0.000526469747644134	0.00133805588351043
g2_limite_compra_tarjetas_credito	0.000333978522470157	0.00241306468239422	0.00346320346320346
g2_mcuentas_saldo_sobre_g1_monto_total_acreditaciones_delta_lag1	0.00032587278940685	0.00144621019423758	0.000550964187327824
g2_mcuentas_saldo_sobre_g1_transacciones_totales_tc	0.000322602392455134	0.000773425255586742	0.00133805588351043
g1_m_activos_pasivos_margen_absoluto_lag_1	0.000320781879817529	0.000729394156628691	0.00125934671389217
g2_g1_mtotal_caja_ahorro_sobre_g1_m_activos_pasivos_margen_absoluto_lag_1	0.000320591769137107	0.00109034530218882	0.00228256591892956
mpasivos_margen_lag_1	0.000315831199228275	0.000495031364244507	0.00102321920503739
g2_g1_mtotal_caja_ahorro_sobre_mrentabilidad_annual	0.000301494924705511	0.000474184178054456	0.00118063754427391
cproductos	0.000289939909272044	0.0015833928175786	0.000393545848091303
g1_montos_transferencias_totales_absolutas	0.000279201181816168	0.00172908112566335	0.0025974025974026
g1_monto_total_prestamos_lag_1	0.000276595637394903	4.82154400302354e-05	7.87091696182605e-05
asg2_g1_consumo_total_tc_sobre_g1_monto_total_acreditaciones_lag3	0.000260038061294156	0.00132688272274834	0.00141676505312869
asmcuentas_saldo_lag2	0.00025416627645678	0.000908026340228332	0.00204643841007477
g1_monto_total_plazos_fijos	0.000249226068241157	0.00244833837033718	0.000787091696182605
Visa_madelantopesos_lag_1	0.000246321601723513	0.000466054674279819	0.00141676505312869
Visa_mpagospesos	0.000245110564381022	0.00080319528022962	0.00181031090121999
Master_cadelantosefectivo	0.000242698845328672	0.00107960045720426	0.00275482093663912
ctrx_quarter_lag_3	0.000242378437262682	0.000848328545893588	0.00157418339236521
g1_cant_cuentas_visa_y_master	0.000237669158928635	0.00156279274822666	0.000629673356946084
asg2_mcuentas_saldo_sobre_g1_monto_total_acreditaciones_lag3	0.000236501222664366	0.00080107289229778	0.000787091696182605
g2_g2_tarjetas_madelantosdolares_sobre_g1_transacciones_totales_tc_lag_2	0.000235965463417111	0.000808977302082059	0.00196772924045651
mttarjeta_visa_debitos_automaticos_lag_1	0.0002306909604132	0.00203695387911486	0.00275482093663912
g2_g1_mtotal_caja_ahorro_sobre_g1_consumo_total_tc_lag_3	0.000228181890209706	0.00106359573672259	0.00236127508854782
asg2_ctrx_quarter_sobre_g1_mtotal_caja_ahorro_lag3	0.000226549710041643	0.00196027646916615	0.0029909484454939
Visa_mpagosdolares	0.000223551118304547	0.00124379666410486	0.00251869342778434
g2_g1_mtotal_caja_ahorro_sobre_g1_consumo_total_tc_lag_1	0.000222917146253294	0.00149695083544975	0.00228256591892956
internet	0.000220554292050055	0.00308786829672878	0.000708382526564345
Master_madelantopesos	0.000220432569300986	0.0011465386468557	0.00314836678473042
Master_msaldopesos	0.000215882382931842	0.000686801200844531	0.00165289256198347
g1_visa_consumo_total	0.000215008723409526	0.000586055891262386	0.00102321920503739
Visa_fultimo_cierre	0.000214844505258454	0.000579458255804384	0.00110192837465565
g2_g1_mtotal_caja_ahorro_sobre_mpasivos_margen	0.000205462981566081	0.00167645727488908	0.0033844942935852
Master_mpagominimo	0.00020160646806174	0.000864886910524463	0.00204643841007477
g2_ctrx_quarter_sobre_g1_mtotal_caja_ahorro_lag_1	0.000201008789621242	0.00156627005345427	0.00228256591892956
g2_g1_monto_total_prestamos_sobre_g2_limite_compra_tarjetas_credito	0.000200623076903511	0.000980589831001729	0.00133805588351043
g2_ctrx_quarter_sobre_g2_limite_compra_tarjetas_credito_lag_1	0.000200321227529749	0.00107025431913134	0.0025974025974026
tmobile_app	0.000199338285760783	0.00228505099002564	0.00181031090121999
g1_rentabilidad_mensual_lag_1	0.000194073533114692	0.000306173152980513	0.000314836678473042
g2_g1_m_activos_pasivos_margen_absoluto_sobre_g1_transacciones_totales_tc_lag_1	0.000190787478191491	0.000968229891822412	0.00165289256198347
g1_dinero_prom_por_plazo_fijo	0.000185893453348195	0.00213007595434096	0.000472255017709563
ccajas_consultas	0.000185819296064307	0.00195354567230316	0.000393545848091303
ccomisiones_otras_lag_1	0.000185367987616384	0.00140320264554058	0.00322707595434868
Visa_mpagominimo	0.000184131521653908	0.00147829056925703	0.0025974025974026
asg1_monto_total_acreditaciones_lag2	0.000182952174243026	0.000262771241661039	0.000550964187327824
g2_g1_m_activos_pasivos_margen_absoluto_sobre_g1_consumo_total_tc_lag_1	0.000181989631088604	0.000902993863438211	0.00220385674931129
g2_g1_mtotal_caja_ahorro_sobre_mcuentas_saldo_lag_1	0.000179018130836314	0.00166516467558668	0.0033844942935852
Visa_mconsumosdolares_lag_1	0.00017746821437126	0.00124213598773686	0.00306965761511216
g2_mpasivos_margen_sobre_g1_consumo_total_tc	0.000177227940693344	0.00069906818311998	0.00188902007083825
asg2_ctrx_quarter_sobre_g1_monto_total_acreditaciones_lag3	0.000173700259101387	0.000969338716598578	0.000944510035419126
Master_mpagosdolares	0.000172451620318965	0.00113757662822025	0.00306965761511216
Master_mpagosdolares_lag_1	0.000171725002528306	0.0014641754603281	0.00362062180243998
g1_consumo_total_tc_delta_lag1	0.000171246543497388	0.00148390076168111	0.00196772924045651
g2_mpasivos_margen_sobre_g1_consumo_total_tc_lag_1	0.00016799868844707	0.000827053962809444	0.00173160173160173
g2_mpasivos_margen_sobre_g1_monto_total_prestamos_lag_1	0.000163614020417984	0.000985418980569614	0.000550964187327824
g2_g1_mtotal_caja_ahorro_sobre_mpasivos_margen_lag_1	0.000162673691074084	0.000557065116918324	0.00165289256198347
g2_g2_tarjetas_madelantosdolares_sobre_mrentabilidad_annual	0.00016245395573346	8.17603344249532e-05	0.000236127508854782
g2_g1_mtotal_caja_ahorro_sobre_g1_consumo_total_tc_lag_2	0.000161906123900862	0.00104174625488036	0.00212514757969303
g2_g1_mtotal_caja_ahorro_sobre_g1_m_activos_pasivos_margen_absoluto_delta_lag1	0.000160604050393034	0.000730515273226856	0.00204643841007477
g2_mpasivos_margen_sobre_mcuentas_saldo	0.000157662275890957	0.000858698234227555	0.00173160173160173
g2_ctrx_quarter_sobre_g2_limite_compra_tarjetas_credito	0.000155754467520524	0.000827306969478925	0.00181031090121999
asg1_visa_limite_compra_sobre_sueldo_lag2	0.000154497825705381	0.000721823674675387	0.000629673356946084
g1_montos_transferencias_totales_netas	0.000153288655466522	0.000991137750754683	0.00220385674931129
chomebanking_transacciones_lag_1	0.000150137210267702	0.000562032549483699	0.00125934671389217
g2_g1_consumo_total_tc_sobre_mcuentas_saldo	0.000142001024165591	0.00108168929870522	0.00181031090121999
mtarjeta_master_consumo	0.00014003175127282	0.00078352759679223	0.000787091696182605
g1_mtotal_caja_ahorro_delta_lag1	0.000138074034589918	0.000800690821497309	0.00133805588351043
Master_mconsumosdolares	0.000135604465530298	0.00151717651638997	0.00322707595434868
g2_g1_m_activos_pasivos_margen_absoluto_sobre_g1_consumo_total_tc	0.000135519078803223	0.000751841072235996	0.00181031090121999
g1_m_activos_pasivos_margen_neto_lag_1	0.000132775268341089	0.000277447933207557	0.000629673356946084
Visa_fultimo_cierre_lag_1	0.000127619510711885	0.000785739356513188	0.00220385674931129
Master_fultimo_cierre_lag_1	0.000123814993694679	0.000607606016023009	0.00133805588351043
asg2_ctrx_quarter_sobre_g1_mtotal_caja_ahorro_lag2	0.000120985151873701	0.00121399667814586	0.00220385674931129
Master_mconsumosdolares_lag_1	0.000119714481201146	0.000616463298091841	0.00165289256198347
Visa_msaldopesos	0.00011515025360273	0.00122031236993676	0.00228256591892956
g1_monto_debitos_en_tc_lag_1	0.000113398860655032	0.0011200579649957	0.00204643841007477
Master_mpagospesos	0.000112353189021474	0.000494104099922452	0.000472255017709563
g2_ctrx_quarter_sobre_mpasivos_margen	0.000111689912767504	0.000572538984337406	0.00149547422274695
Visa_cadelantosefectivo	0.00011119594299517	0.000289115433080926	0.000787091696182605
g1_cons_prom_visa_lag_1	0.000109026112660893	0.000762051991202476	0.00228256591892956
Master_fultimo_cierre	0.000108890173290075	0.000797184579272074	0.00133805588351043
tmobile_app_lag_1	0.000107440839565154	0.000513463463491366	0.000944510035419126
mcuentas_saldo_lag_1	0.000102057064368271	0.000628511844447181	0.00110192837465565
g2_ctrx_quarter_sobre_g1_monto_total_prestamos_lag_1	0.000101653596432363	0.000715004786421402	0.000393545848091303
g2_g1_monto_total_prestamos_sobre_g2_limite_compra_tarjetas_credito_lag_1	0.000101154862078866	0.00060997628903183	0.00125934671389217
ctarjeta_master	9.89244079167208e-05	0.000706446093195298	0.000629673356946084
g2_g1_monto_total_prestamos_sobre_g1_monto_total_acreditaciones_lag_3	9.84119606208362e-05	0.000496814190593622	0.000944510035419126
g1_consumo_promedio_tc	9.80070841061445e-05	0.000672007480909398	0.00141676505312869
mprestamos_personales_lag_1	9.53609437859757e-05	0.000533041519060013	0.000550964187327824
ctarjeta_visa_debitos_automaticos_lag_1	9.52642430443957e-05	0.00102879554000622	0.00133805588351043
g2_g1_transacciones_totales_tc_sobre_g2_limite_compra_tarjetas_credito_lag_1	9.4956167278625e-05	0.00133930207240065	0.00251869342778434
g2_ctrx_quarter_sobre_g1_mtotal_caja_ahorro_delta_lag1	9.48445225219046e-05	0.000346256272360237	0.000787091696182605
Visa_msaldototal	9.2302388927004e-05	0.000977159388345488	0.00243998425816608
Visa_mconsumosdolares	9.16612043672183e-05	0.000745931778809942	0.00220385674931129
g2_g1_monto_total_prestamos_sobre_g1_monto_total_acreditaciones_lag_2	9.1229367247003e-05	0.00111429156400039	0.00110192837465565
Visa_cconsumos	9.04947726440288e-05	0.000907176411953021	0.00251869342778434
Master_mlimitecompra	8.74893904488114e-05	0.000809726591064752	0.00173160173160173
Master_mpagominimo_lag_1	8.58781175358317e-05	0.00062342072542294	0.00173160173160173
g1_deuda_promedio_prestamo_lag_1	8.50717948795133e-05	0.000327959127075744	0.000314836678473042
Master_msaldototal_lag_1	8.37762944712266e-05	0.00056216315009244	0.00157418339236521
Visa_mpagosdolares_lag_1	8.3549797730767e-05	0.000177966376574691	0.000472255017709563
mtransferencias_recibidas	8.32762131838767e-05	0.00117424518188049	0.00141676505312869
mtransferencias_emitidas	8.10490637234004e-05	0.00111669179832533	0.00165289256198347
g2_g1_monto_total_prestamos_sobre_g1_transacciones_totales_tc_lag_1	7.99084564249747e-05	0.00056904093666017	0.00149547422274695
numero_de_cliente	7.88790007882864e-05	0.00116397587675951	0.00204643841007477
ctrx_quarter_lag_2	7.87771896566917e-05	0.000705767738268724	0.00173160173160173
Master_msaldototal	7.85155611547774e-05	0.00044028307690139	0.00125934671389217
asmautoservicio_lag2	7.80800151540677e-05	0.000704672229633057	0.00173160173160173
asg1_mtotal_cta_corriente_lag2	7.79716411083564e-05	0.000468450811330764	0.000865800865800866
g1_monto_debitado_promedio_cuenta	7.75556455574023e-05	0.000217508911866081	0.000550964187327824
g1_monto_debitos_en_tc	7.65363684879658e-05	0.000937803791180334	0.00228256591892956
Master_madelantopesos_lag_1	7.45490954435646e-05	0.000749308444744938	0.00188902007083825
Visa_mlimitecompra_lag_1	7.38371729817728e-05	0.000563348542676475	0.00125934671389217
g2_ctrx_quarter_sobre_mrentabilidad_annual	7.22197381099116e-05	0.000793782049294955	0.00173160173160173
g1_montos_transferencias_totales_netas_lag_1	6.99521655313052e-05	0.000348951254333534	0.00110192837465565
Master_madelantodolares	6.94698805103877e-05	0.000550516904827944	0.00118063754427391
g2_g1_consumo_total_tc_sobre_g1_transacciones_totales_tc	6.94315579997877e-05	0.000475566751949726	0.00110192837465565
mrentabilidad_lag_1	6.92235940322069e-05	0.000409920227926682	0.00102321920503739
g1_monto_total_cajeros_automaticos	6.73696877102566e-05	0.000859894638235465	0.00133805588351043
g2_mcuentas_saldo_sobre_g1_transacciones_totales_tc_lag_1	6.68524028098432e-05	0.000231478055408777	0.000787091696182605
Master_fechaalta	6.67992221325232e-05	0.00092229125573788	0.00228256591892956
ascdescubierto_preacordado_lag3	6.46817791875002e-05	0.000392480437226623	0.000314836678473042
g1_comision_promedio_lag_1	6.46414302527726e-05	0.000752490490164947	0.00181031090121999
g2_ctrx_quarter_sobre_g1_consumo_total_tc_lag_1	6.3186048890385e-05	0.000489093389900455	0.00110192837465565
ctarjeta_visa_transacciones_lag_1	6.19702080546294e-05	0.000571798145982337	0.00125934671389217
Master_msaldopesos_lag_1	6.06936170114003e-05	0.000349842923587717	0.00102321920503739
g1_m_activos_pasivos_margen_absoluto_delta_lag1	6.06459650886812e-05	0.000387359612965885	0.000865800865800866
mcomisiones_otras_lag_1	5.83802890346116e-05	0.000466341483459798	0.000944510035419126
g1_mtotal_caja_ahorro_lag_1	5.82438108965593e-05	0.000301347588527377	0.00102321920503739
cliente_antiguedad_lag_1	5.79001630911998e-05	0.00134642159813436	0.00243998425816608
g2_g1_mtotal_caja_ahorro_sobre_g1_monto_total_acreditaciones_lag_1	5.77557518195022e-05	0.000638316877208066	0.000787091696182605
mcomisiones_lag_1	5.76793590591174e-05	0.000596322123427861	0.00110192837465565
Master_cadelantosefectivo_lag_1	5.76664827648221e-05	0.000701882498198518	0.00204643841007477
Master_mlimitecompra_lag_1	5.73436260605903e-05	0.000508477849272617	0.00141676505312869
Visa_fechaalta_lag_1	5.65804596378472e-05	0.000938965880518496	0.00196772924045651
g2_g1_mtotal_caja_ahorro_sobre_g1_consumo_total_tcdelta_lag1	5.5233281582998e-05	0.000351228826518112	0.000708382526564345
Visa_cadelantosefectivo_lag_1	5.3755073816886e-05	0.00025156903846626	0.000629673356946084
g2_g1_monto_total_acreditaciones_sobre_g1_transacciones_totales_tc_lag_1	5.11702171930055e-05	0.000313955668863301	0.000944510035419126
g1_comision_promedio	5.00851200426893e-05	0.000447590052920588	0.00125934671389217
cdescubierto_preacordado_lag_1	5.00755452500185e-05	0.000448214118966666	0.000314836678473042
g2_ctrx_quarter_sobre_g1_transacciones_totales_tc	4.98283697010859e-05	0.000507087080829347	0.00118063754427391
g1_monto_transferencia_promedio	4.94533570307059e-05	0.000468803432974362	0.000865800865800866
Master_Fvencimiento	4.89426775065246e-05	0.000389631551398713	0.00118063754427391
Visa_msaldopesos_lag_1	4.89158027496317e-05	0.000478582857772749	0.00157418339236521
Master_mfinanciacion_limite	4.8710036100205e-05	0.000920925070938608	0.00157418339236521
mpagomiscuentas_lag_1	4.83812307210534e-05	0.000411826996814288	0.00102321920503739
g2_g1_consumo_total_tc_sobre_mcuentas_saldo_lag_1	4.67556723124907e-05	0.000483439920019757	0.00118063754427391
g2_mpasivos_margen_sobre_g1_monto_total_acreditaciones_lag_1	4.65186595223219e-05	0.000168999492426368	0.000393545848091303
Visa_madelantopesos	4.63465539998362e-05	0.000345618634094036	0.000708382526564345
mcaja_ahorro_dolares_lag_1	4.57217733683228e-05	0.000498343242034382	0.00110192837465565
mtarjeta_visa_consumo_lag_2	4.54391413476241e-05	0.000368417915265315	0.00133805588351043
g1_consumo_total_tc_lag_1	4.4982303588681e-05	0.000155495389482637	0.000550964187327824
Visa_fechaalta	4.49453003916492e-05	0.000673569822701405	0.00149547422274695
Visa_mpagado_lag_1	4.40103790390803e-05	0.000331308392490866	0.000787091696182605
g1_cantidad_debitos_en_tc_lag_1	4.38676628583453e-05	0.000908526463735919	0.00125934671389217
Visa_mpagominimo_lag_1	4.30030326273027e-05	0.000628817091360158	0.00149547422274695
mactivos_margen_lag_1	4.19470591765744e-05	0.000352997312408229	0.000550964187327824
g2_g1_m_activos_pasivos_margen_absoluto_sobre_g1_monto_total_acreditaciones_lag_1	4.16321729249348e-05	0.00044299111893556	0.000393545848091303
asg2_mcuentas_saldo_sobre_g1_monto_total_acreditaciones_lag2	4.09524651274536e-05	0.000395102692586425	0.000393545848091303
Visa_msaldototal_lag_1	3.99374357972674e-05	0.00041126618243558	0.00125934671389217
g1_cantidad_debitos_totales_lag_1	3.93231070598448e-05	0.000916762496634547	0.00196772924045651
Master_madelantodolares_lag_1	3.86784697946596e-05	0.000358130940650216	0.00102321920503739
Master_mfinanciacion_limite_lag_1	3.831176725067e-05	0.000414975495803425	0.00118063754427391
g2_g1_m_activos_pasivos_margen_absoluto_sobre_mcuentas_saldo_delta_lag1	3.80456438649489e-05	0.000448826917509245	0.00125934671389217
Visa_Fvencimiento	3.74577648582132e-05	0.000262680333394171	0.000708382526564345
g1_master_consumo_total_lag_1	3.72382532471052e-05	0.000140805637875246	0.000157418339236521
ascdescubierto_preacordado_lag2	3.63126948412472e-05	0.000379949436857819	0.000236127508854782
mautoservicio_lag_1	3.61476193249783e-05	0.000983107861954164	0.00157418339236521
ctarjeta_debito_transacciones_lag_1	3.56943923641626e-05	0.00126537060427061	0.00125934671389217
asg2_ctrx_quarter_sobre_g1_consumo_total_tc_lag3	3.49092936394907e-05	0.000332668175299513	0.000865800865800866
Master_mpagado_lag_1	3.48620254106605e-05	0.000117761800662111	0.000314836678473042
g1_cons_prom_master	3.47435700054901e-05	0.000183183998933672	0.000314836678473042
g2_mpasivos_margen_sobre_g1_transacciones_totales_tc_lag_1	3.46368825916764e-05	0.000296798590069221	0.000787091696182605
g1_montos_transferencias_totales_absolutas_lag_1	3.33322881642978e-05	0.000348547672844565	0.000944510035419126
g2_g2_tarjetas_madelantosdolares_sobre_g1_transacciones_totales_tcdelta_lag1	3.29153169115399e-05	0.000186901762929142	0.000236127508854782
g1_cant_inversiones_totales	3.25003814879452e-05	0.000390709134460632	7.87091696182605e-05
g1_master_en_proceso_cierre_lag_1	3.23660595320886e-05	0.000739435806963058	0.000157418339236521
Master_cconsumos_lag_1	3.20318611768099e-05	0.00035873887367992	0.000787091696182605
g2_g1_consumo_total_tc_sobre_g1_transacciones_totales_tc_lag_1	3.19267607158685e-05	0.000204342834027325	0.000629673356946084
g1_monto_transferencia_promedio_lag_1	3.13650565365047e-05	0.0002871438760482	0.000787091696182605
asg1_consumo_total_tc_lag2	3.11109459404835e-05	0.000337829460140999	0.000944510035419126
g1_mtotal_cta_corriente_lag_1	2.92482585697164e-05	0.000251426658194771	0.000472255017709563
Master_fechaalta_lag_1	2.89015250197486e-05	0.00102964854123703	0.00181031090121999
ctransferencias_recibidas_lag_1	2.87562693444908e-05	9.15418078603399e-05	0.000157418339236521
cplazo_fijo	2.81154640931093e-05	0.000390709134460632	7.87091696182605e-05
mtransferencias_recibidas_lag_1	2.7908415109463e-05	0.00037244604776626	0.00102321920503739
g1_monto_total_cajeros_automaticos_lag_1	2.78832516766105e-05	0.000440539924765245	0.000944510035419126
g2_limite_compra_tarjetas_credito_lag_1	2.70323082372208e-05	0.000471114551589812	0.000865800865800866
mcaja_ahorro_dolares	2.69938539574527e-05	0.000453101142529797	0.000708382526564345
g1_monto_total_debitado_tc_lag_1	2.69828960190757e-05	0.000541590481260367	0.00118063754427391
Visa_mfinanciacion_limite_lag_1	2.68785088921856e-05	0.000543439376152728	0.00102321920503739
g1_cant_transacciones_por_tarjeta_debito_lag_1	2.674570027697e-05	0.00118532625941265	0.00141676505312869
g2_g1_mtotal_caja_ahorro_sobre_g1_transacciones_totales_tc_lag_1	2.65914737316271e-05	0.000317636301313148	0.000944510035419126
g2_g2_tarjetas_madelantosdolares_sobre_g1_transacciones_totales_tc_lag_1	2.58500735560966e-05	0.000173714430481512	0.000629673356946084
g1_cant_transacciones_por_tarjeta_debito	2.58327911820268e-05	0.00101621716490679	0.00157418339236521
g1_monto_total_comisiones_lag_1	2.50459393869762e-05	0.00034635614341398	0.000865800865800866
Visa_mfinanciacion_limite	2.40759573562072e-05	0.000227216122210223	0.000708382526564345
mextraccion_autoservicio_lag_1	2.37905373367178e-05	0.000365342655048922	0.000708382526564345
g2_mpasivos_margen_sobre_g1_transacciones_totales_tc	2.3661954504457e-05	0.000326755552838335	0.000472255017709563
Master_cconsumos	2.35413006677323e-05	0.000249802601213143	0.000708382526564345
asg1_transacciones_totales_tc_lag2	2.34052083439906e-05	0.000315113660927463	0.000865800865800866
mtransferencias_emitidas_lag_1	2.33427132773243e-05	0.000325991923396642	0.000236127508854782
asg2_g1_m_activos_pasivos_margen_absoluto_sobre_g1_monto_total_acreditaciones_lag3	2.30521758824396e-05	0.000463048555562171	0.000472255017709563
Visa_mpagado	2.23827114693654e-05	0.000191902998005014	0.000472255017709563
ctarjeta_master_transacciones_lag_1	2.18063028599578e-05	0.000210002705898648	0.000314836678473042
asg1_m_activos_pasivos_margen_absoluto_lag3	2.15925573339962e-05	0.000437528428375473	0.00110192837465565
g1_monto_prom_trx_tarjeta_debito_lag_1	2.10677485665701e-05	0.000967482907556343	0.00110192837465565
mextraccion_autoservicio	2.10370114930012e-05	0.000606296424820858	0.00102321920503739
g2_ctrx_quarter_sobre_g1_transacciones_totales_tc_lag_1	2.08419984343435e-05	0.00023540273174123	0.000708382526564345
thomebanking_lag_1	2.05531720787021e-05	0.000239758902241777	0.000550964187327824
mtarjeta_visa_consumo_lag_1	2.03487426774997e-05	0.000467758884184066	0.00110192837465565
Visa_cconsumos_lag_1	1.87789195327066e-05	0.000372579977410125	0.00125934671389217
g1_cantidad_total_prestamos_lag_1	1.86942500831148e-05	3.49395040323626e-05	7.87091696182605e-05
Master_Fvencimiento_lag_1	1.83661727106773e-05	0.000441421862993679	0.00141676505312869
asg2_g1_consumo_total_tc_sobre_g1_monto_total_acreditaciones_lag2	1.79980700093935e-05	0.000653198432454568	0.000787091696182605
g1_monto_debitado_promedio_cuenta_lag_1	1.77203188478517e-05	0.00021964768889392	0.000472255017709563
g1_master_limite_compra_sobre_sueldo_lag_1	1.77177094057024e-05	0.000218806467325858	0.000236127508854782
g1_visa_en_proceso_cierre_lag_1	1.7358212258164e-05	0.000297575791731037	7.87091696182605e-05
g1_cons_prom_master_lag_1	1.69758369691143e-05	0.000142898320570588	0.000314836678473042
mcheques_depositados	1.62968301046719e-05	0.000390709134460632	7.87091696182605e-05
g1_porcentaje_saldo_caja_ahorro	1.6076325910237e-05	0.00019433626660158	0.000236127508854782
Master_mpagospesos_lag_1	1.59353932862741e-05	9.68877261114363e-05	0.000236127508854782
matm	1.55814912592169e-05	0.000342808416289498	0.000787091696182605
g1_transacciones_totales_tc_lag_1	1.49417858644063e-05	0.000225666584399465	0.000708382526564345
Master_delinquency_lag_1	1.47857210180725e-05	2.77359841816563e-05	7.87091696182605e-05
Visa_mlimitecompra	1.47034152777259e-05	0.000270028026073742	0.000629673356946084
g1_monto_inversiones_totales_lag_1	1.46662417422465e-05	0.000355864635969137	0.000393545848091303
g1_monto_total_acreditaciones_delta_lag1	1.44439288657311e-05	0.000301094581857897	0.000865800865800866
mttarjeta_visa_debitos_automaticos	1.41621368308721e-05	0.000343360523960956	0.00102321920503739
ctrx_quarter_lag_1	1.35101633486439e-05	0.000288947957006188	0.000708382526564345
g1_visa_consumo_total_lag_1	1.31700308548765e-05	0.00030151788147799	0.000708382526564345
g1_transferencias_totales_lag_1	1.31431196669256e-05	0.000271294851978521	0.000865800865800866
mcuenta_debitos_automaticos_lag_1	1.3090847151862e-05	0.000228683714540988	0.000550964187327824
mcheques_depositados_lag_1	1.30648467538143e-05	0.000382145575721653	7.87091696182605e-05
Visa_mconsumototal	1.20099209128229e-05	0.000308110907502742	0.00110192837465565
Visa_mpagospesos_lag_1	1.19472664903417e-05	0.000197665813885579	0.000708382526564345
Visa_mconsumototal_lag_1	1.05599159388065e-05	0.000255232257501609	0.000787091696182605
Visa_msaldodolares	9.96406581121429e-06	0.000236291328039913	7.87091696182605e-05
ccajas_transacciones_lag_1	9.93066090085448e-06	0.000459516193215188	0.000550964187327824
g1_monto_pago_servicios_totales_lag_1	9.69700942196789e-06	0.000259357188100797	0.000550964187327824
Visa_Fvencimiento_lag_1	9.59423093738841e-06	0.000287223004652319	0.000787091696182605
g2_g2_tarjetas_madelantosdolares_sobreg2_limite_compra_tarjetas_credito_lag_1	9.36165269550309e-06	7.92799471773905e-05	0.000157418339236521
cprestamos_personales_lag_1	9.33436555224272e-06	9.33028674413319e-05	7.87091696182605e-05
Master_mpagado	9.32001927151557e-06	8.90941988047746e-05	0.000236127508854782
g1_extraccion_cajero_promedio_lag_1	9.11922927850745e-06	0.000118711599991164	0.000314836678473042
Master_mconsumototal	8.81549455559117e-06	0.000223263789278272	0.000472255017709563
Visa_mconsumospesos	8.45793392596043e-06	0.000185507153291497	0.000629673356946084
Master_mconsumospesos_lag_1	8.44093584230129e-06	0.000307740360285395	0.000629673356946084
matm_other_lag_1	8.2782390958925e-06	8.63700237542303e-05	7.87091696182605e-05
asg2_ctrx_quarter_sobre_g1_consumo_total_tc_lag2	8.14962248040297e-06	0.000254838919197638	0.000393545848091303
g1_mtotal_caja_ahorro_lag_2	8.01178136384717e-06	0.000161947315634025	0.000550964187327824
active_quarter	7.30219958981867e-06	7.92791789385155e-05	7.87091696182605e-05
ctransferencias_emitidas_lag_1	7.10364331294581e-06	8.03426776210602e-05	7.87091696182605e-05
cseguro_vivienda	6.58214324780454e-06	8.60655450801282e-05	7.87091696182605e-05
catm_trx_other_lag_1	6.47862467169049e-06	0.000178893384817121	7.87091696182605e-05
matm_lag_1	6.43082317913635e-06	0.000423012042674193	0.000629673356946084
Visa_mconsumospesos_lag_1	6.11553013616119e-06	0.000156787823349915	0.000550964187327824
g2_mcuentas_saldo_sobre_g1_monto_total_acreditaciones_lag_1	6.06207083297995e-06	0.000180881074866221	0.000314836678473042
g1_consumo_promedio_tc_lag_1	5.72469319444699e-06	0.000250189793606114	0.000550964187327824
Master_mconsumospesos	5.66794691429924e-06	0.000126801411423928	0.000236127508854782
g1_rentabilidad_mensual	5.15102466613805e-06	9.87053792895491e-05	7.87091696182605e-05
mautoservicio_delta_lag1	5.11675673051666e-06	0.000120598138588397	0.000236127508854782
Master_mconsumototal_lag_1	5.07055087154367e-06	0.000191832832187769	0.000314836678473042
Visa_delinquency_lag_1	4.99789070158209e-06	6.29535906867479e-05	7.87091696182605e-05
g1_visa_abierta_lag_2	4.455242124479e-06	2.23096569283159e-05	7.87091696182605e-05
g1_monto_total_plazos_fijos_lag_1	3.68657933861356e-06	4.65580926973605e-05	7.87091696182605e-05
g1_monto_promedio_operado_cajero_automatico	3.59432686491825e-06	9.0493161796044e-05	0.000314836678473042
g1_monto_promedio_operado_cajero_automatico_lag_1	3.42268708230658e-06	0.000132191631450146	0.000393545848091303
g1_cantidad_pagos_servicio_totales_lag_1	3.18188630977755e-06	6.6952530110446e-05	0.000236127508854782
cextraccion_autoservicio_lag_1	3.03364212503458e-06	0.000246067423803175	0.000629673356946084
g2_g2_tarjetas_madelantosdolares_sobreg2_limite_compra_tarjetas_credito	2.9728769076826e-06	1.83038033547433e-05	7.87091696182605e-05
cseguro_accidentes_personales	2.6680255195535e-06	5.63334202217476e-05	7.87091696182605e-05
g1_transacciones_totales_cajeros_automaticos_lag_1	2.48265651086734e-06	0.000147636561871605	0.000472255017709563
asg2_ctrx_quarter_sobre_g1_monto_total_acreditaciones_lag2	2.01836005189628e-06	0.000164597227593325	0.000314836678473042
g1_acreditaciones_sobre_edad_lag_1	1.44410755923157e-06	0.000146765122907796	0.000314836678473042
g2_g1_monto_total_acreditaciones_sobre_g2_limite_compra_tarjetas_credito_lag_1	1.3807762113319e-06	6.55653467819257e-05	0.000236127508854782
g2_ctrx_quarter_sobre_g1_monto_total_acreditaciones_lag_1	1.16944450631125e-06	0.000153980678500877	0.000314836678473042
cpagomiscuentas_lag_1	1.07331568603313e-06	2.36650863833386e-05	7.87091696182605e-05
catm_trx_lag_1	7.3165690848826e-07	2.36282109173414e-05	7.87091696182605e-05
mplazo_fijo_dolares_lag_1	4.93016109798269e-07	8.1987989211561e-05	7.87091696182605e-05
g1_cant_inversiones_totales_lag_1	3.14300233155932e-07	8.53326451934336e-05	7.87091696182605e-05
g1_extraccion_cajero_promedio	1.07648862301874e-07	1.75908776787971e-05	7.87091696182605e-05
