Feature	Gain	Cover	Frequency
mcaja_ahorro	0.0982582625086614	0.011088698229985	0.00693787448754336
ctrx_quarter	0.094106667517555	0.0122280501289149	0.00946073793755913
g2_g2_tarjetas_madelantosdolares_sobre_g1_transacciones_totales_tc	0.0597321742738419	0.00337811673365542	0.00425733207190161
g1_consumo_total_tc	0.0481480703686414	0.010651213182335	0.0086723431094292
g1_mtotal_caja_ahorro	0.0462399733704796	0.00477470736995764	0.00378429517502365
g2_g1_consumo_total_tc_sobre_g1_monto_total_acreditaciones	0.0350848143446155	0.00514427917250051	0.00504572690003154
g1_numero_mes_lag_3	0.0308039276715837	0.0296409997086142	0.0356354462314727
cdescubierto_preacordado	0.0258641849910629	0.0204880061703771	0.0227057710501419
g1_transacciones_totales_tc	0.0217015453582944	0.00478985955382561	0.00441501103752759
mtarjeta_visa_consumo	0.0205764138638702	0.00474205865964283	0.00488804793440555
g1_visa_abierta	0.0204441375921439	0.00391156360446704	0.00693787448754336
ctarjeta_visa_transacciones	0.0196572487801544	0.00148148917049379	0.00141911069063387
mautoservicio	0.0191683968727313	0.00887109372253665	0.00520340586565752
mcuentas_saldo	0.017393663621335	0.0157412070191196	0.0143487858719647
mcuenta_corriente	0.0166187063804087	0.0152915080972339	0.0170293282876064
g1_numero_mes	0.0158157928362895	0.0154602505628569	0.022075055187638
foto_mes	0.0140853208534089	0.0342582993838174	0.0332702617470829
g2_g1_monto_total_prestamos_sobre_g1_monto_total_acreditaciones	0.0139867511750814	0.0137295000461663	0.0129296751813308
g1_visa_limite_compra_sobre_sueldo	0.0131086833076614	0.00962860934303231	0.00819930621255125
g2_ctrx_quarter_sobre_g1_mtotal_caja_ahorro	0.0129265846103149	0.000793425928798355	0.000946073793755913
mpayroll	0.0121716660150171	0.00312674698513925	0.00236518448438978
g1_acreditaciones_sobre_edad	0.0105836330708934	0.00260973862441061	0.00189214758751183
g2_g1_mtotal_caja_ahorro_sobre_g1_consumo_total_tc	0.00993857180852685	0.000448734478424799	0.00141911069063387
mprestamos_personales	0.00964603487109351	0.0107042929135247	0.0127719962157048
Visa_Finiciomora	0.00932764532458131	0.0185601997545176	0.00993377483443709
g1_mtotal_cta_corriente	0.00892011525444936	0.0145520122885607	0.0178177231157364
g1_numero_mes_lag_1	0.0079132719012548	0.00971998227874598	0.0115105644906969
g1_monto_total_prestamos	0.00739200287340903	0.0193512198958695	0.0181330810469883
Visa_Finiciomora_lag_1	0.00690211002389606	0.00576146435382742	0.00299590034689372
g2_g1_m_activos_pasivos_margen_absoluto_sobre_mcuentas_saldo	0.00674640774751606	0.00161224163992642	0.00283822138126774
g2_g1_m_activos_pasivos_margen_absoluto_sobre_g2_limite_compra_tarjetas_credito_lag_1	0.00667767023991844	0.00465074154639057	0.00614947965941343
g1_master_abierta	0.00653183240697846	0.002336398319726	0.00678019552191738
g2_ctrx_quarter_sobre_g1_monto_total_prestamos	0.00611640839451042	0.00424725699614239	0.00662251655629139
ctarjeta_debito_transacciones	0.00589783655844769	0.00061273504683159	0.000315357931251971
asg1_monto_total_acreditaciones_lag3	0.00563024165163172	0.00219017981568015	0.00457269000315358
g2_g1_mtotal_caja_ahorro_sobre_g1_monto_total_prestamos	0.00542816091268856	0.00640725794422465	0.0086723431094292
g1_m_activos_pasivos_margen_absoluto	0.00542127499423077	0.00803681057119381	0.00961841690318511
g2_mpasivos_margen_sobre_g2_limite_compra_tarjetas_credito_lag_1	0.00540931410516442	0.000373572546143847	0.000946073793755913
asg1_m_activos_pasivos_margen_absoluto_lag2	0.00531261616651949	0.00664920112637125	0.00741091138442132
g1_master_limite_compra_sobre_sueldo	0.00523329370834772	0.00414415572112711	0.00362661620939767
g1_visa_limite_compra_sobre_sueldo_delta_lag1	0.00522032201352661	0.00470337951709432	0.00409965310627562
g1_monto_total_acreditaciones	0.00520508401856816	0.00112922373658857	0.000946073793755913
Visa_status	0.00513582949422551	0.00116555592615534	0.00173446862188584
ccaja_seguridad	0.004816095112059	0.0171565813112845	0.00883002207505519
asctarjeta_visa_lag3	0.00464678535455827	0.00194206624354589	0.00346893724377168
g2_mcuentas_saldo_sobre_mrentabilidad_annual	0.00418405367793246	0.000273606364977289	0.000788394828129928
tcallcenter	0.00402070209411819	0.0165716203486055	0.0160832544938505
g1_monto_pago_servicios_totales	0.00379243241898536	0.0122589267772804	0.00725323241879533
g2_mcuentas_saldo_sobre_g1_monto_total_acreditaciones	0.00365339426293969	0.000381291708235216	0.000473036896877956
ctarjeta_visa_delta_lag1	0.0035506214831547	0.00520824789806852	0.00268054241564175
g2_g1_m_activos_pasivos_margen_absoluto_sobre_mcuentas_saldo_lag_1	0.00354419458845118	0.000984158629011496	0.00173446862188584
mcuenta_debitos_automaticos	0.00354196310277102	0.0176307049696384	0.0102491327656891
g1_visa_abierta_delta_lag1	0.0034279297757013	0.00426037406977167	0.0022075055187638
ctrx_quarter_delta_lag1	0.00304327489302865	0.0184004659900044	0.0132450331125828
cmobile_app_trx_lag_1	0.00299422413358432	0.00310055299792488	0.00725323241879533
g2_g1_mtotal_caja_ahorro_sobre_g2_limite_compra_tarjetas_credito	0.00298760180682829	0.000769962824588058	0.000946073793755913
g2_g1_monto_total_prestamos_sobre_mrentabilidad_annual	0.00285142042300264	0.00338418832993441	0.00457269000315358
g1_cons_prom_visa	0.00284558497197433	0.0013432378168121	0.00252286345001577
thomebanking	0.00274441653240957	0.00771280314997347	0.0154525386313466
asg2_g1_m_activos_pasivos_margen_absoluto_sobre_mcuentas_saldo_lag2	0.00272166736412356	0.0018987325518772	0.00394197414064964
mrentabilidad_annual	0.00260006134235023	0.016784088066328	0.0175023651844844
g2_ctrx_quarter_sobre_g1_monto_total_acreditaciones	0.00257424630585245	0.00143929502007864	0.00126143172500788
g2_mpasivos_margen_sobre_mrentabilidad_annual	0.00249970873626928	0.000251665928841984	0.000630715862503942
mcuentas_saldo_delta_lag1	0.00242170404432374	0.0118795302215299	0.00914538000630716
Visa_delinquency	0.00226837155456403	0.00416967522039952	0.00441501103752759
g2_mpasivos_margen_sobre_g1_monto_total_prestamos	0.00216920093662971	0.0033302740730267	0.00362661620939767
g1_mtotal_cta_corriente_delta_lag1	0.00213445509379315	0.00982944108955478	0.00914538000630716
g2_g1_consumo_total_tc_sobre_g1_monto_total_prestamos_lag_1	0.00212727063514415	0.00854803146795602	0.00883002207505519
g2_g1_consumo_total_tc_sobre_g1_monto_total_prestamos	0.00209948877013966	0.00113016107201967	0.0022075055187638
g2_g1_mtotal_caja_ahorro_sobre_g1_monto_total_acreditaciones	0.00204436813214237	0.000825635689830303	0.000946073793755913
ctarjeta_debito_transacciones_lag_1	0.00200511670473319	0.000306367523415795	0.000157678965625986
g2_g1_m_activos_pasivos_margen_absoluto_sobre_g2_limite_compra_tarjetas_credito	0.00191634193820373	0.00340658920097621	0.00788394828129928
g1_numero_mes_lag_2	0.00189073920316137	0.00286732695496746	0.00441501103752759
g1_cant_cuentas_visa_y_master	0.00176706999725431	0.0112917707061723	0.00678019552191738
g2_g1_m_activos_pasivos_margen_absoluto_sobre_g1_monto_total_acreditaciones_delta_lag1	0.00172089362990048	0.00312022278516238	0.00189214758751183
g1_transacciones_totales_tc_delta_lag1	0.00169353733826831	0.00948967024859408	0.00599180069378745
asg2_g1_mtotal_caja_ahorro_sobre_g1_m_activos_pasivos_margen_absoluto_lag3	0.00169325955441575	0.00274884880063704	0.00409965310627562
g1_c_cuentas	0.00164825259087942	0.0140929060771266	0.00725323241879533
g2_ctrx_quarter_sobre_g1_m_activos_pasivos_margen_absoluto_lag_1	0.00164327165380299	0.00150958152299644	0.00283822138126774
g1_monto_total_debitado_tc	0.00163229905816038	0.0016919470788054	0.00204982655313781
g2_g2_tarjetas_madelantosdolares_sobre_mrentabilidad_annual_lag_1	0.0015913203337405	0.00086024943110672	0.00189214758751183
mactivos_margen	0.00159040529036446	0.0113785459192283	0.0118259224219489
ccaja_ahorro	0.00158786315464949	0.0122558386706834	0.00646483759066541
cpayroll_trx_lag_1	0.00158119430229627	0.000279513505875366	0.000315357931251971
cliente_edad_lag_1	0.00157378346541062	0.012870606418151	0.011195206559445
chomebanking_transacciones	0.00156579430417686	0.0117117491873645	0.010406811731315
g1_cantidad_total_acreditaciones	0.00154608692410306	0.00061273504683159	0.000315357931251971
internet	0.00153585057788226	0.0209976971702564	0.0118259224219489
asg1_visa_limite_compra_sobre_sueldo_lag3	0.00149829722279423	0.00819454878311178	0.00725323241879533
mcomisiones_mantenimiento	0.0014963169967162	0.00989073375057902	0.0086723431094292
asg1_mtotal_cta_corriente_lag3	0.00149141332500012	0.00189760726743934	0.00252286345001577
g2_g2_tarjetas_madelantosdolares_sobre_g1_transacciones_totales_tc_lag_3	0.00144076731634269	0.00414106018492191	0.00567644276253548
g2_mpasivos_margen_sobre_mcuentas_saldo	0.00140574246187276	0.00256775471182673	0.00394197414064964
asmautoservicio_lag3	0.00133305651355923	0.000547996252416482	0.00126143172500788
Master_status	0.00132047188186902	0.00100567718388272	0.00141911069063387
g2_mpasivos_margen_sobre_g1_m_activos_pasivos_margen_absoluto	0.00127132611560339	0.00204642774074746	0.00378429517502365
g1_dinero_prom_por_inversion	0.00122161290988013	0.00954595675931136	0.00504572690003154
g1_cantidad_total_acreditaciones_lag_1	0.00119166820350993	5.6658995127025e-05	0.000157678965625986
asg1_transacciones_totales_tc_lag3	0.00118529930123163	0.000714688547784275	0.00157678965625986
g2_g1_m_activos_pasivos_margen_absoluto_sobre_g1_monto_total_acreditaciones	0.00115150910054063	0.00105011407196496	0.00126143172500788
mtarjeta_visa_consumo_lag_3	0.00114183938166634	0.00030667394455287	0.000946073793755913
asg2_g1_mtotal_caja_ahorro_sobre_g1_m_activos_pasivos_margen_absoluto_lag2	0.00113297043885349	0.00202261243294973	0.00409965310627562
g2_g1_consumo_total_tc_sobre_g1_monto_total_acreditaciones_lag_1	0.00110629908264423	3.30183835214634e-05	0.000157678965625986
g2_mcuentas_saldo_sobre_g1_monto_total_prestamos	0.00108052332834586	0.00110700880655131	0.00189214758751183
g1_numero_mes_delta_lag1	0.00106811504975222	0.0109577443579308	0.00614947965941343
g2_g1_m_activos_pasivos_margen_absoluto_sobre_mrentabilidad_annual	0.00106077266829165	0.00102253516562713	0.00204982655313781
g2_mrentabilidad_annual_sobre_g2_limite_compra_tarjetas_credito_lag_1	0.000956559828299316	0.00150546933527287	0.0033112582781457
g1_monto_total_comisiones	0.0009418924545096	0.00266838172652023	0.00378429517502365
g2_g1_transacciones_totales_tc_sobre_mrentabilidad_annual	0.000932101520133232	0.000523457863023331	0.00141911069063387
mpagomiscuentas	0.000884777569641185	0.00416276829520165	0.00236518448438978
cmobile_app_trx	0.000883219050924592	0.00208554543097839	0.00362661620939767
tmobile_app	0.000869647529473441	0.00629575197516389	0.00504572690003154
g1_mtotal_caja_ahorro_lag_3	0.000836489491686561	6.19087161019155e-05	0.000315357931251971
ccaja_seguridad_lag_1	0.000832770064609691	0.00464502416170123	0.00252286345001577
cliente_edad	0.000806956806725751	0.00807301565422077	0.00678019552191738
Visa_mfinanciacion_limite	0.000794220064813165	0.00431508630675719	0.00236518448438978
g2_g1_monto_total_acreditaciones_sobre_g1_transacciones_totales_tc	0.000775809232583213	0.00217526537927371	0.00362661620939767
g2_g1_m_activos_pasivos_margen_absoluto_sobre_g1_monto_total_prestamos	0.000762309536026555	0.00108788820791793	0.0011037527593819
asmcuentas_saldo_lag3	0.00075358564383781	0.000477774607970033	0.000946073793755913
asg1_consumo_total_tc_lag3	0.000750177365033826	6.45147013685973e-05	0.000315357931251971
mcomisiones_mantenimiento_lag_1	0.000746684712635053	0.0050131644594694	0.00567644276253548
mpasivos_margen	0.000739032929279836	0.000285246954582375	0.000630715862503942
ctarjeta_visa	0.000713816546488376	0.00237448449922223	0.00283822138126774
mpasivos_margen_lag_1	0.000708282685592271	0.000347058483377381	0.000630715862503942
g2_mcuentas_saldo_sobre_mrentabilidad_annual_lag_1	0.000704340085742402	0.00050449690056556	0.000946073793755913
cproductos	0.000696663655719571	0.0102943811498063	0.00567644276253548
ccajas_consultas	0.000666878447746993	0.00888465817905806	0.00457269000315358
ccomisiones_otras_lag_1	0.000658472077433024	0.000237839428032314	0.000630715862503942
mcomisiones	0.000645292460109417	0.00235892187970276	0.00299590034689372
g2_ctrx_quarter_sobre_mpasivos_margen_lag_1	0.000634591410446351	0.000600435631701771	0.000630715862503942
internet_lag_1	0.000627757191683686	0.0061273504683159	0.00315357931251971
g1_rentabilidad_mensual_lag_1	0.00061938878134364	0.000297211836544195	0.000630715862503942
Master_delinquency	0.00061618579020531	0.00286544204329399	0.00252286345001577
g2_mcuentas_saldo_sobre_g2_limite_compra_tarjetas_credito	0.00059554522659094	0.00139803298428885	0.00283822138126774
mcomisiones_otras	0.00058577675930262	0.00121672705124551	0.0022075055187638
g2_g1_consumo_total_tc_sobre_g2_limite_compra_tarjetas_credito	0.000585380459821582	0.00134949736209784	0.00252286345001577
Visa_madelantodolares_lag_1	0.000582749828878239	0.000258301372141222	0.000630715862503942
g2_mpasivos_margen_sobre_g1_monto_total_acreditaciones	0.000570842887516547	0.000677464002035875	0.000788394828129928
Master_mpagospesos	0.000562662141578435	0.00741699972617858	0.00567644276253548
asg2_g1_m_activos_pasivos_margen_absoluto_sobre_mcuentas_saldo_lag3	0.000551665229541818	0.000773445905219577	0.00157678965625986
g2_ctrx_quarter_sobre_mcuentas_saldo	0.000530932563138599	0.00089591335753838	0.00236518448438978
g2_g1_mtotal_caja_ahorro_sobre_mrentabilidad_annual_lag_1	0.00052542811695248	0.000124679065951661	0.000473036896877956
ascdescubierto_preacordado_lag3	0.000523374829716091	0.00563204740666391	0.00457269000315358
g1_monto_total_plazos_fijos	0.000517043605774295	0.00489020203460611	0.00252286345001577
g2_g1_m_activos_pasivos_margen_absoluto_sobre_g1_monto_total_prestamos_lag_1	0.000513093210562539	0.0022189701497506	0.00268054241564175
g1_cant_inversiones_totales	0.000486199464283473	0.00551461542148431	0.00283822138126774
mrentabilidad	0.000483152509890845	0.00420416767834252	0.00409965310627562
asg1_visa_limite_compra_sobre_sueldo_lag2	0.000480218967720892	0.00189163566967036	0.00204982655313781
g2_g1_monto_total_acreditaciones_sobre_g2_limite_compra_tarjetas_credito	0.000462047402315635	0.000882590463682696	0.00157678965625986
g2_ctrx_quarter_sobre_g1_monto_total_acreditaciones_delta_lag1	0.000454015697996181	0.00400819228516222	0.00283822138126774
g2_g1_mtotal_caja_ahorro_sobre_mcuentas_saldo	0.000451598084478087	0.00113639310767515	0.00157678965625986
g2_mpasivos_margen_sobre_g1_m_activos_pasivos_margen_absoluto_lag_1	0.000451028186065623	0.00119575527537576	0.00236518448438978
g2_mcuentas_saldo_sobre_g2_limite_compra_tarjetas_credito_lag_1	0.000438231282327914	0.000664364398025818	0.000946073793755913
g2_ctrx_quarter_sobre_g1_monto_total_prestamos_lag_1	0.000434624962083745	0.00249018598809822	0.00268054241564175
g2_mrentabilidad_annual_sobre_g2_limite_compra_tarjetas_credito	0.000431986389304435	0.00137395282099976	0.00299590034689372
g2_mcuentas_saldo_sobre_g1_monto_total_prestamos_lag_1	0.000431924164400368	0.00212542355164582	0.00283822138126774
g2_g1_monto_total_acreditaciones_sobre_mrentabilidad_annual	0.000427797080728604	0.000734728008228435	0.00141911069063387
g2_mpasivos_margen_sobre_g2_limite_compra_tarjetas_credito	0.000416264250004101	0.000293835180029746	0.000788394828129928
g2_ctrx_quarter_sobre_g1_m_activos_pasivos_margen_absoluto	0.000409968577979719	0.00117152852792543	0.00299590034689372
g2_g1_consumo_total_tc_sobre_mrentabilidad_annual	0.000397968937187654	0.000291321763664894	0.000946073793755913
g2_g1_mtotal_caja_ahorro_sobre_g1_m_activos_pasivos_margen_absoluto	0.000394717548524692	0.00144129258067603	0.00236518448438978
ccajas_transacciones	0.000390531142284699	0.00306352342919096	0.00362661620939767
g2_g1_monto_total_prestamos_sobre_mrentabilidad_annual_lag_1	0.000384897388327693	0.000535901653511969	0.00126143172500788
asg2_ctrx_quarter_sobre_g1_mtotal_caja_ahorro_lag3	0.000380450514977816	0.00272952559458078	0.00299590034689372
g2_g1_mtotal_caja_ahorro_sobre_g1_monto_total_prestamos_lag_1	0.000373330923421713	0.00238859693954645	0.00346893724377168
mtarjeta_master_consumo	0.000366453045768865	0.00213251260264405	0.00189214758751183
g2_mpasivos_margen_sobre_g1_monto_total_prestamos_lag_1	0.00036173248701301	0.00195670939885391	0.00189214758751183
g2_mpasivos_margen_sobre_mcuentas_saldo_lag_1	0.000349239354118137	0.000584383260443559	0.000473036896877956
g2_g1_monto_total_prestamos_sobre_g1_monto_total_acreditaciones_delta_lag1	0.000344501581547345	0.000460802772500376	0.000315357931251971
g1_m_activos_pasivos_margen_neto	0.000343188495139724	0.00284128316631832	0.00283822138126774
g1_deuda_promedio_prestamo	0.00034144803469001	0.00181405389392749	0.00141911069063387
g2_ctrx_quarter_sobre_g1_consumo_total_tc	0.000332394523790247	0.00115585707468624	0.00204982655313781
asg1_monto_total_acreditaciones_lag2	0.000319808526328199	0.00011677617165818	0.000315357931251971
cliente_antiguedad	0.000318842164994506	0.00158278223951998	0.0033112582781457
g1_cons_prom_master	0.000315143395852851	0.00188515544494187	0.00157678965625986
mtarjeta_visa_consumo_delta_lag1	0.000311756221192767	0.00195660156913529	0.00173446862188584
mrentabilidad_annual_lag_1	0.00029623605324917	0.000508604871484482	0.000788394828129928
g2_g1_mtotal_caja_ahorro_sobre_g1_m_activos_pasivos_margen_absoluto_delta_lag1	0.000295058307761058	0.00127025798053154	0.00126143172500788
g2_g2_tarjetas_madelantosdolares_sobre_g1_transacciones_totales_tc_lag_1	0.00029284524275177	2.13468706823604e-05	0.000157678965625986
g1_consumo_total_tc_delta_lag1	0.00028953593744554	0.0014103269778127	0.00141911069063387
Visa_cadelantosefectivo_lag_1	0.000289358024032408	3.96283251926477e-05	0.000157678965625986
g2_g1_transacciones_totales_tc_sobre_mrentabilidad_annual_lag_1	0.000289278014121043	0.000303293272034003	0.000630715862503942
mttarjeta_visa_debitos_automaticos_lag_1	0.000285861567831833	0.00308617530050887	0.00362661620939767
ascdescubierto_preacordado_lag2	0.000284270068128987	0.00323253797911332	0.00283822138126774
mplazo_fijo_dolares	0.00027388213028324	0.00275730771074216	0.00141911069063387
Master_mpagosdolares	0.000269089261967692	0.00100379146900836	0.00141911069063387
ccomisiones_mantenimiento_lag_1	0.000262674466362561	0.00642067802538725	0.0033112582781457
g2_mpasivos_margen_sobre_mrentabilidad_annual_lag_1	0.000255718264098582	0.00120941290319967	0.00141911069063387
g2_limite_compra_tarjetas_credito	0.000252907498878342	0.00371681208863305	0.00315357931251971
g2_g1_mtotal_caja_ahorro_sobre_mcuentas_saldo_lag_1	0.000247156452549363	0.00367587755800353	0.00315357931251971
g1_m_activos_pasivos_margen_absoluto_lag_1	0.000245621673379049	0.000227550223913802	0.000157678965625986
g2_g2_tarjetas_madelantosdolares_sobre_mrentabilidad_annual	0.000242622470102271	0.000194586257252199	0.000315357931251971
ctrx_quarter_lag_3	0.000240367337058356	0.00112168730269821	0.00173446862188584
g2_g1_monto_total_acreditaciones_sobre_mrentabilidad_annual_lag_1	0.000233521045777541	0.000166449929501181	0.000315357931251971
mcuenta_corriente_lag_1	0.000227492972284502	0.000825094131634568	0.0011037527593819
tmobile_app_lag_1	0.00022347298209061	0.00201350754853401	0.00189214758751183
g2_g1_mtotal_caja_ahorro_sobre_g1_monto_total_acreditaciones_lag_1	0.000216204944426301	0.00123735887234128	0.00141911069063387
mtransferencias_emitidas	0.000212857089291067	0.00305830322584854	0.00283822138126774
Master_mpagosdolares_lag_1	0.000210187694745736	0.00120403868608783	0.00189214758751183
g2_g1_monto_total_prestamos_sobre_g2_limite_compra_tarjetas_credito	0.000204412717153438	0.000583355564913056	0.00157678965625986
mpayroll_lag_1	0.000198321317655811	0.000204693134770145	0.000157678965625986
Visa_mpagominimo	0.00019716113322235	0.00262156696222223	0.00268054241564175
asg1_m_activos_pasivos_margen_absoluto_lag3	0.000194341158797746	0.00015181821980575	0.000315357931251971
g2_g1_consumo_total_tc_sobre_g1_transacciones_totales_tc	0.000193227345569878	0.0004186439629241	0.000473036896877956
g2_g1_mtotal_caja_ahorro_sobre_mpasivos_margen_lag_1	0.000191497322105336	2.0538649793287e-05	0.000157678965625986
g1_monto_total_prestamos_lag_1	0.000185863708401503	0.000935805333421053	0.0011037527593819
g2_g1_mtotal_caja_ahorro_sobre_g1_transacciones_totales_tc	0.000184655033695344	0.000749405500374228	0.00157678965625986
Master_madelantodolares_lag_1	0.00018447005898734	0.000970901597628263	0.00141911069063387
Visa_msaldopesos	0.000180118604169691	0.00274370911818319	0.00299590034689372
g1_monto_debitos_en_tc_lag_1	0.00017664745970823	0.00154594563979833	0.00204982655313781
g2_g1_consumo_total_tc_sobre_mrentabilidad_annual_lag_1	0.000175907331268196	6.93375210738803e-05	0.000315357931251971
asg2_ctrx_quarter_sobre_g1_consumo_total_tc_lag2	0.000171880445481771	8.92026869263096e-05	0.000157678965625986
g1_dinero_prom_por_plazo_fijo	0.000167360933995209	0.002399967051254	0.00126143172500788
ctarjeta_visa_debitos_automaticos_lag_1	0.000164309981256053	0.00188747870349754	0.00204982655313781
Master_mpagominimo	0.000162396159965986	0.00121406343631543	0.00157678965625986
g1_cantidad_debitos_en_tc_lag_1	0.000158519275514493	0.00262248562323279	0.00268054241564175
asg2_g1_m_activos_pasivos_margen_absoluto_sobre_g1_monto_total_acreditaciones_lag3	0.000157971733910364	0.000816708714410294	0.000946073793755913
Visa_mconsumosdolares	0.000155898715088352	0.000569899741311144	0.000946073793755913
g2_ctrx_quarter_sobre_g1_consumo_total_tc_delta_lag1	0.000154759764306762	0.000920451144530868	0.00141911069063387
g2_g1_m_activos_pasivos_margen_absoluto_sobre_mrentabilidad_annual_lag_1	0.000153194976612621	8.164838181629e-05	0.000157678965625986
asg2_ctrx_quarter_sobre_g1_mtotal_caja_ahorro_lag2	0.000147778726485815	0.00130942747721946	0.00126143172500788
Visa_cconsumos	0.000143703736688456	0.000366938307645935	0.000788394828129928
Visa_delinquency_lag_1	0.000143219332199561	0.00107108906063824	0.0011037527593819
Visa_fultimo_cierre_lag_1	0.000142849872538587	0.000797596147785752	0.000788394828129928
asg2_g1_m_activos_pasivos_margen_absoluto_sobre_g1_monto_total_acreditaciones_lag2	0.000142635048788188	0.000989927619357602	0.0011037527593819
g1_mcomisiones_rentabilidad_lag_1	0.000142258006972774	6.74981910505481e-05	0.000157678965625986
Visa_madelantopesos	0.000137970467449258	3.59954475963458e-05	0.000157678965625986
g2_g1_transacciones_totales_tc_sobre_g2_limite_compra_tarjetas_credito	0.000137124027103472	0.00046689926800675	0.00126143172500788
mrentabilidad_lag_1	0.000134557383842997	3.07407066159331e-05	0.000157678965625986
mtransferencias_recibidas	0.000133950081379473	0.00207835176306509	0.0022075055187638
g2_mpasivos_margen_sobre_g1_monto_total_acreditaciones_lag_1	0.000132227989005696	0.000905891321314515	0.000946073793755913
g2_g1_consumo_total_tc_sobre_g2_limite_compra_tarjetas_credito_lag_1	0.000126597922349872	0.000712505246982562	0.00157678965625986
cdescubierto_preacordado_lag_1	0.000125449027731366	0.00126748492948108	0.00126143172500788
Visa_madelantodolares	0.000123714585160775	0.000443477327841735	0.000946073793755913
Visa_mconsumosdolares_lag_1	0.000123663926619252	0.000164588913053993	0.000315357931251971
g2_g1_monto_total_prestamos_sobre_g2_limite_compra_tarjetas_credito_lag_1	0.000121520130277256	0.000522066919893242	0.0011037527593819
g2_ctrx_quarter_sobre_mrentabilidad_annual_lag_1	0.000121414227820286	0.000513886318894273	0.000630715862503942
ctrx_quarter_lag_2	0.000121059729440414	0.00113658326548433	0.00173446862188584
mprestamos_personales_lag_1	0.000119512523725792	0.000787792880201789	0.0011037527593819
g2_ctrx_quarter_sobre_mcuentas_saldo_lag_1	0.000117783589485496	0.000531410555771593	0.0011037527593819
Master_mlimitecompra	0.000116094393832959	0.000744770428875475	0.00157678965625986
Master_fultimo_cierre_lag_1	0.000115334501571694	0.000328234868270697	0.000630715862503942
g2_g1_mtotal_caja_ahorro_sobre_g1_consumo_total_tc_lag_1	0.00011413634415696	0.000782690747389251	0.00126143172500788
g2_g2_tarjetas_madelantosdolares_sobre_g1_transacciones_totales_tc_lag_2	0.000109387777747153	0.000721281220636463	0.0011037527593819
asctarjeta_visa_lag2	0.000109319965337614	7.59091099028751e-05	0.000157678965625986
asg1_mtotal_cta_corriente_lag2	0.000108797518871932	0.00103073203144399	0.00141911069063387
Visa_madelantopesos_lag_1	0.000106887106638848	2.93373138721483e-05	0.000157678965625986
Visa_mpagosdolares_lag_1	0.000105832972833048	0.0002115181334779	0.000473036896877956
g1_rentabilidad_mensual	0.000104749277277645	5.44291086740661e-05	0.000157678965625986
mcaja_ahorro_dolares_lag_1	0.000103159912476941	0.00086609392233588	0.00126143172500788
mcomisiones_otras_lag_1	0.000100432586584382	0.000143671955644553	0.000315357931251971
g2_ctrx_quarter_sobre_mpasivos_margen	9.91828109118506e-05	0.000181054932767234	0.000473036896877956
g2_g1_transacciones_totales_tc_sobre_g2_limite_compra_tarjetas_credito_lag_1	9.83945711089022e-05	0.000880677038377856	0.0011037527593819
g2_g1_mtotal_caja_ahorro_sobre_mpasivos_margen	9.69659059063922e-05	0.000853750130357244	0.00141911069063387
ctarjeta_master	8.98490662532877e-05	0.000465433827994711	0.000630715862503942
Visa_mpagospesos	8.96437169441022e-05	0.000512285539533355	0.0011037527593819
asg2_ctrx_quarter_sobre_g1_monto_total_acreditaciones_lag3	8.77245043898985e-05	0.000968020315258744	0.000788394828129928
g1_visa_limite_compra_sobre_sueldo_lag_1	8.62227740702749e-05	0.000297711226693543	0.000473036896877956
g1_cantidad_interacciones_con_linea_caja	8.50518172882056e-05	0.000911715330921145	0.000630715862503942
g1_monto_total_cajeros_automaticos	8.32637250509459e-05	0.000704355167617168	0.000788394828129928
tcuentas_lag_1	8.28732539941388e-05	0.00259957773163325	0.00141911069063387
mtransferencias_emitidas_lag_1	8.23484565911847e-05	0.00129416384922889	0.00126143172500788
g1_montos_transferencias_totales_netas	8.22544219279748e-05	0.000729161625305204	0.0011037527593819
cseguro_vivienda	8.19626647874427e-05	0.00300393134523743	0.00157678965625986
g2_g1_m_activos_pasivos_margen_absoluto_sobre_g1_consumo_total_tc	8.08247647735823e-05	0.000445533321303406	0.000788394828129928
g2_g1_mtotal_caja_ahorro_sobre_g1_consumo_total_tc_lag_3	8.02747596903199e-05	0.000351328299274339	0.000788394828129928
asg2_mcuentas_saldo_sobre_g1_monto_total_acreditaciones_lag3	8.01295043418182e-05	0.000408261185902655	0.000473036896877956
g2_g1_mtotal_caja_ahorro_sobre_g1_m_activos_pasivos_margen_absoluto_lag_1	7.89573588009934e-05	0.000204606389074721	0.000473036896877956
Master_mlimitecompra_lag_1	7.82245704655679e-05	0.00048635962061387	0.000788394828129928
g2_ctrx_quarter_sobre_g2_limite_compra_tarjetas_credito	7.63039327581464e-05	0.000139987673191704	0.000473036896877956
g1_monto_transferencia_promedio	7.60806429189895e-05	0.00029754315690866	0.000630715862503942
Visa_mlimitecompra	7.40632390046906e-05	0.000622222857268539	0.000788394828129928
asmcuentas_saldo_lag2	7.27655725286716e-05	0.000442950227261905	0.000630715862503942
g2_mpasivos_margen_sobre_g1_consumo_total_tc_lag_1	7.15374116799436e-05	0.000408604755080594	0.000473036896877956
g1_cantidad_comisiones_totales_lag_1	7.01713412426923e-05	0.00023149434185248	0.000630715862503942
g2_mpasivos_margen_sobre_g1_consumo_total_tc	7.01641917240497e-05	0.000248924604226424	0.000788394828129928
g2_ctrx_quarter_sobre_g1_mtotal_caja_ahorro_lag_1	6.73844812710704e-05	0.000374944413252952	0.000630715862503942
g2_g1_mtotal_caja_ahorro_sobre_g1_consumo_total_tc_lag_2	6.67516713926322e-05	0.000263916549518128	0.000788394828129928
g2_g1_consumo_total_tc_sobre_g1_monto_total_acreditaciones_delta_lag1	6.61781263976486e-05	0.000470468692733252	0.000473036896877956
Master_madelantodolares	6.57818512347009e-05	0.000307259277196758	0.000473036896877956
cprestamos_personales_lag_1	6.54568450433829e-05	0.000470823707523781	0.000473036896877956
mcaja_ahorro_dolares	6.35572464431075e-05	0.0012099620918038	0.000946073793755913
Master_msaldototal_lag_1	6.20245218686819e-05	0.000140731236409652	0.000473036896877956
Master_cadelantosefectivo_lag_1	6.15433822248365e-05	6.5299027031385e-05	0.000315357931251971
g1_montos_transferencias_totales_absolutas	6.07534910538738e-05	0.000762420567491291	0.000946073793755913
Visa_msaldototal	5.99488987488252e-05	0.000939495639880529	0.000788394828129928
Visa_mpagosdolares	5.43671826780629e-05	0.000248819184110458	0.000473036896877956
Master_mpagominimo_lag_1	5.42149989358821e-05	0.000384786836879989	0.000473036896877956
Visa_cadelantosefectivo	5.33283975462042e-05	7.34141671583443e-05	0.000315357931251971
g2_mcuentas_saldo_sobre_g1_transacciones_totales_tc	5.31540730308184e-05	0.000361126145252338	0.000788394828129928
g1_deuda_promedio_prestamo_lag_1	5.31499581836705e-05	0.000373947038555803	0.000315357931251971
g1_porcentaje_saldo_caja_ahorro	5.19498310035957e-05	0.00134763273124668	0.000788394828129928
Master_mconsumototal	5.1308898317353e-05	0.000223664940439844	0.000630715862503942
g2_ctrx_quarter_sobre_g1_consumo_total_tc_lag_1	5.12366622774685e-05	0.000712670304764132	0.000788394828129928
g2_g1_consumo_total_tc_sobre_mcuentas_saldo	5.04201473215717e-05	0.000382161775592322	0.000788394828129928
Master_mconsumosdolares_lag_1	4.86995519242103e-05	0.00022320711593622	0.000315357931251971
g1_comision_promedio	4.86910055291994e-05	0.000232592719060736	0.000630715862503942
g2_g2_tarjetas_madelantosdolares_sobreg2_limite_compra_tarjetas_credito_lag_1	4.81523982784575e-05	4.54736196226914e-05	0.000315357931251971
g2_mcuentas_saldo_sobre_g1_monto_total_acreditaciones_lag_1	4.71681671069168e-05	0.000436108963736258	0.000473036896877956
g2_g1_monto_total_prestamos_sobre_g1_monto_total_acreditaciones_lag_1	4.59890665921743e-05	8.34264677722514e-05	0.000315357931251971
chomebanking_transacciones_lag_1	4.57389295809717e-05	0.000494190829228494	0.000473036896877956
asg2_g1_consumo_total_tc_sobre_g1_monto_total_acreditaciones_lag3	4.41327491033716e-05	0.000208501712559724	0.000473036896877956
g1_cantidad_total_prestamos_lag_1	4.32724881645953e-05	0.000162052003063297	0.000157678965625986
Master_msaldototal	4.31600186920837e-05	0.000283569871137521	0.000473036896877956
g1_mtotal_caja_ahorro_delta_lag1	4.26120178719181e-05	0.000110278477310472	0.000157678965625986
Master_msaldopesos	4.24608600138393e-05	0.00015571755929517	0.000315357931251971
g2_ctrx_quarter_sobre_g1_transacciones_totales_tc	4.20842282127436e-05	0.000669172157714534	0.000788394828129928
g2_ctrx_quarter_sobre_mrentabilidad_annual	4.16783536249076e-05	0.000197378384323644	0.000315357931251971
asg2_mcuentas_saldo_sobre_g1_monto_total_acreditaciones_lag2	4.13831755511157e-05	0.000646011057036453	0.000630715862503942
g2_g1_monto_total_prestamos_sobre_g1_monto_total_acreditaciones_lag_3	4.11234792681511e-05	0.000210359917803819	0.000315357931251971
g2_ctrx_quarter_sobre_g1_monto_total_acreditaciones_lag_1	4.08505918348669e-05	0.000152653147124202	0.000157678965625986
Visa_fechaalta	3.99856148831211e-05	0.000273510984872367	0.000630715862503942
asg2_ctrx_quarter_sobre_g1_consumo_total_tc_lag3	3.9802965097688e-05	8.74547210034814e-05	0.000315357931251971
ctarjeta_visa_transacciones_lag_1	3.55963165921698e-05	2.63369569716429e-05	0.000157678965625986
ctarjeta_master_transacciones	3.55828992270538e-05	0.00119807291152525	0.000630715862503942
g2_g1_mtotal_caja_ahorro_sobre_mrentabilidad_annual	3.45406009794059e-05	0.000289693876274156	0.000473036896877956
mcaja_ahorro_lag_1	3.30612393443948e-05	0.000130102077517177	0.000315357931251971
matm	3.3034595765666e-05	0.000840650124746746	0.000473036896877956
Visa_msaldodolares	3.27336791880245e-05	0.000517573010949773	0.000473036896877956
Visa_fultimo_cierre	3.26449645312908e-05	4.48402957260113e-05	0.000157678965625986
ccallcenter_transacciones	3.19251925952546e-05	0.000919102570247385	0.000473036896877956
Master_cadelantosefectivo	3.19001624935616e-05	0.000166478443132547	0.000315357931251971
g1_cantidad_pagos_servicio_totales	3.11247338000745e-05	0.000905839514857526	0.000473036896877956
mextraccion_autoservicio	3.1031252232042e-05	0.000155385636530043	0.000157678965625986
g1_m_activos_pasivos_margen_absoluto_delta_lag1	3.0596171051833e-05	0.000639477017848764	0.000630715862503942
g1_visa_consumo_total	3.01131702257497e-05	0.000469172527307421	0.000473036896877956
g1_monto_total_debitado_tc_lag_1	2.93968118709923e-05	0.000160956637858354	0.000630715862503942
g2_g1_mtotal_caja_ahorro_sobre_g1_consumo_total_tcdelta_lag1	2.93901362723483e-05	2.51863717059559e-05	0.000157678965625986
cpagomiscuentas	2.92902036238573e-05	0.00122547009366318	0.000630715862503942
Visa_msaldopesos_lag_1	2.85407715347812e-05	0.000494485001552094	0.000630715862503942
Master_mpagado	2.75676062255471e-05	0.000133679735052735	0.000315357931251971
mcuentas_saldo_lag_1	2.69452010966728e-05	0.000260186886215358	0.000315357931251971
g1_monto_transferencia_promedio_lag_1	2.67591688344954e-05	9.23401903776814e-05	0.000315357931251971
active_quarter	2.66339600757203e-05	8.94573016063954e-05	0.000157678965625986
ctrx_quarter_lag_1	2.5934727877667e-05	0.000212706469185114	0.000315357931251971
Master_mconsumosdolares	2.39724525092692e-05	0.000201816671605927	0.000157678965625986
Visa_msaldototal_lag_1	2.3439316828917e-05	0.000253143216067056	0.000473036896877956
cplazo_fijo	2.32271086871024e-05	0.000919102570247385	0.000473036896877956
Master_msaldopesos_lag_1	2.25557037367006e-05	9.48146514996817e-05	0.000315357931251971
g1_porcentaje_saldo_cta_corriente_lag_1	2.23900421169457e-05	0.000436514780982672	0.000315357931251971
Master_cconsumos_lag_1	2.16476091136726e-05	0.000142794458679274	0.000315357931251971
Master_mfinanciacion_limite	2.14752334387584e-05	0.000284954991061205	0.000157678965625986
g2_g1_m_activos_pasivos_margen_absoluto_sobre_g1_transacciones_totales_tc	2.11153030760865e-05	5.44485862954922e-05	0.000157678965625986
g2_g1_monto_total_acreditaciones_sobre_g1_transacciones_totales_tc_lag_1	2.09600088804541e-05	7.1322632057577e-05	0.000157678965625986
Master_Fvencimiento	2.0044667466421e-05	0.000207974210379451	0.000315357931251971
g1_consumo_promedio_tc	1.90494105857001e-05	0.000180662569135619	0.000315357931251971
g1_mtotal_caja_ahorro_lag_2	1.89352676892316e-05	0.000172264903097871	0.000157678965625986
g2_ctrx_quarter_sobre_g2_limite_compra_tarjetas_credito_lag_1	1.86658006236702e-05	3.91941951150883e-05	0.000157678965625986
g2_g1_m_activos_pasivos_margen_absoluto_sobre_g1_transacciones_totales_tc_lag_1	1.85184092419527e-05	0.000121447788797134	0.000157678965625986
numero_de_cliente	1.84468812543811e-05	0.000291539832704778	0.000315357931251971
Master_madelantopesos	1.78631362342245e-05	6.71301242456608e-05	0.000157678965625986
Visa_mpagado_lag_1	1.76388600985549e-05	4.46804587501846e-05	0.000157678965625986
Visa_mpagado	1.70120703613879e-05	0.000341074235194483	0.000315357931251971
g2_mcuentas_saldo_sobre_g1_monto_total_acreditaciones_delta_lag1	1.60454731987695e-05	0.000106242192070406	0.000157678965625986
g1_monto_debitado_promedio_cuenta	1.57901208054341e-05	0.000102310925345865	0.000157678965625986
g1_monto_pago_servicios_totales_lag_1	1.5427825367065e-05	3.53356180705085e-05	0.000157678965625986
g1_mtotal_caja_ahorro_lag_1	1.52120435970031e-05	0.000173456451608619	0.000315357931251971
g2_g1_m_activos_pasivos_margen_absoluto_sobre_mcuentas_saldo_delta_lag1	1.49179881141388e-05	0.000539405818166682	0.000315357931251971
thomebanking_lag_1	1.47711905462621e-05	0.000166403745450377	0.000157678965625986
g1_cant_seguros_totales	1.47219249223487e-05	0.000488591916669479	0.000315357931251971
g1_cantidad_pagos_servicio_totales_lag_1	1.47086065262062e-05	0.000449693299479538	0.000315357931251971
g1_cantidad_debitos_totales_lag_1	1.45439063193364e-05	0.000275817175409264	0.000315357931251971
g1_transferencias_totales_lag_1	1.42789222655041e-05	6.3430781776245e-05	0.000157678965625986
g1_cons_prom_master_lag_1	1.4013159467235e-05	0.000135027706935555	0.000157678965625986
g2_g1_consumo_total_tc_sobre_mcuentas_saldo_lag_1	1.3630573127159e-05	0.00032671561379946	0.000315357931251971
mautoservicio_lag_1	1.35860659314895e-05	2.95881133480372e-05	0.000157678965625986
mtarjeta_master_consumo_lag_1	1.34507804346054e-05	6.05575314155615e-05	0.000157678965625986
ctransferencias_emitidas_lag_1	1.33808048460747e-05	0.000406848154748268	0.000315357931251971
g1_master_limite_compra_sobre_sueldo_lag_1	1.29070415012054e-05	0.000150981886885753	0.000157678965625986
catm_trx_other_lag_1	1.22355873490853e-05	0.000150981886885753	0.000157678965625986
g1_mtotal_cta_corriente_lag_1	1.15736534466749e-05	6.11645504833053e-05	0.000157678965625986
cpagomiscuentas_lag_1	1.08401508380296e-05	0.000209436839188398	0.000157678965625986
cproductos_lag_1	1.07959394182065e-05	0.000184852868145105	0.000157678965625986
g1_master_consumo_total_lag_1	1.07146706214987e-05	5.30761167857241e-05	0.000157678965625986
Visa_mlimitecompra_lag_1	1.02595762182455e-05	7.45798124405979e-05	0.000157678965625986
Master_madelantopesos_lag_1	9.5347342430833e-06	3.23051411368699e-05	0.000157678965625986
Master_Fvencimiento_lag_1	9.25114062901897e-06	0.000102134221151484	0.000157678965625986
Master_fechaalta_lag_1	9.21650827475258e-06	3.1936271131099e-05	0.000157678965625986
g2_g1_monto_total_prestamos_sobre_g1_monto_total_acreditaciones_lag_2	8.84277258858876e-06	3.97255124995574e-05	0.000157678965625986
Visa_Fvencimiento	8.45532772022153e-06	9.4103617917518e-05	0.000157678965625986
g1_cantidad_interacciones_con_linea_caja_lag_1	8.384827313363e-06	2.52050461264985e-05	0.000157678965625986
g1_monto_total_comisiones_lag_1	8.37725760073595e-06	6.54062543493391e-05	0.000157678965625986
mttarjeta_visa_debitos_automaticos	8.26516194817551e-06	0.000194328831369021	0.000157678965625986
g1_visa_consumo_total_lag_1	8.20620019254819e-06	0.000159422122570329	0.000157678965625986
g1_cons_prom_visa_lag_1	8.19786813605701e-06	4.62177852413016e-05	0.000157678965625986
g2_ctrx_quarter_sobre_g1_transacciones_totales_tc_lag_1	7.90047598494468e-06	0.00013539537214	0.000157678965625986
Master_mpagospesos_lag_1	7.61149506550229e-06	0.000250232215264846	0.000157678965625986
ctransferencias_recibidas_lag_1	7.19831996064697e-06	3.52516835781774e-05	0.000157678965625986
asg2_g1_consumo_total_tc_sobre_g1_monto_total_acreditaciones_lag2	7.01339728204625e-06	5.02876041182553e-05	0.000157678965625986
g2_g1_monto_total_acreditaciones_sobre_g2_limite_compra_tarjetas_credito_lag_1	6.7428596549605e-06	4.336983570845e-05	0.000157678965625986
Visa_mconsumototal_lag_1	6.68814508213701e-06	8.22566056853591e-05	0.000157678965625986
mforex_sell	6.5069504233822e-06	0.000306367523415795	0.000157678965625986
g1_montos_transferencias_totales_netas_lag_1	6.47021766473054e-06	0.000161779517163552	0.000157678965625986
Visa_mpagominimo_lag_1	6.42145367212833e-06	0.000216988533895546	0.000157678965625986
mcheques_depositados_lag_1	6.19763392481066e-06	0.000306367523415795	0.000157678965625986
cliente_antiguedad_lag_1	5.99041042603641e-06	0.00018310108701808	0.000157678965625986
g1_porcentaje_saldo_caja_ahorro_lag_1	5.58949955637201e-06	0.000223697068475186	0.000157678965625986
