Feature	Gain	Cover	Frequency
ctrx_quarter	0.130667370104982	0.00942457645348285	0.0052497265767408
mcaja_ahorro	0.0966409077303827	0.00652495990137586	0.0027706890266132
g2_g2_tarjetas_madelantosdolares_sobre_g1_transacciones_totales_tc	0.0512656924295943	0.00519150618207816	0.00539555231498359
g1_mtotal_caja_ahorro	0.0464299414888934	0.00337421734433302	0.0024790375501276
g1_transacciones_totales_tc	0.0297715828508528	0.00418036190576757	0.0030623405030988
g2_g1_consumo_total_tc_sobre_g1_monto_total_acreditaciones	0.0295151653123526	0.00575567801266062	0.0027706890266132
g1_visa_abierta	0.0284486111420183	0.00761190377572791	0.00670798395916879
g1_numero_mes_lag_3	0.0260489678290574	0.0224489788765504	0.0172803499817718
g1_consumo_total_tc	0.0254433682777732	0.00673272160828044	0.0049580751002552
cdescubierto_preacordado	0.0251611547591185	0.0157394724863701	0.00947867298578199
mtarjeta_visa_consumo	0.0231671145819333	0.00538602168256993	0.004739336492891
g2_g1_monto_total_prestamos_sobre_g1_monto_total_acreditaciones	0.017967315499138	0.00956712970937725	0.005103900838498
g1_mtotal_cta_corriente	0.0156210252657726	0.0123829810840499	0.0100619759387532
g1_numero_mes	0.0146736582704948	0.0126008329796001	0.0136347065257018
g2_ctrx_quarter_sobre_g1_mtotal_caja_ahorro	0.0130955482761661	0.00189589396324555	0.002916514764856
mautoservicio	0.0128362616202586	0.0083271467597537	0.0045935107546482
g1_visa_limite_compra_sobre_sueldo	0.0109972024095703	0.00367324576451416	0.001822821728035
Visa_Finiciomora	0.0106074822803891	0.0119618977744691	0.0031352533722202
foto_mes	0.0101329442675057	0.0211812092880115	0.0158950054684652
g2_g1_mtotal_caja_ahorro_sobre_g1_consumo_total_tc	0.00992056472183959	0.00158644071341468	0.0027706890266132
g1_acreditaciones_sobre_edad	0.00969565917163276	0.00264339248808511	0.0012395187750638
g1_numero_mes_lag_1	0.00964781073979938	0.00737585768150801	0.00656215822092599
mcuentas_saldo	0.00943767899270088	0.00868503187183819	0.00736419978126139
mcuenta_corriente	0.00894247429549519	0.0113364126098398	0.00904119577105359
g1_master_abierta	0.00894159956214583	0.00417462646390571	0.00678089682829019
g2_g1_mtotal_caja_ahorro_sobre_mcuentas_saldo_lag_1	0.00847383387976447	0.00144442051576245	0.0024790375501276
g1_monto_total_prestamos	0.00794348893420438	0.0147593715800418	0.00707254830477579
mprestamos_personales	0.00730555905991376	0.00788072101470675	0.0052497265767408
g2_g1_m_activos_pasivos_margen_absoluto_sobre_g2_limite_compra_tarjetas_credito_lag_1	0.00670046418346629	0.00319973476241665	0.004374772147284
ctarjeta_visa_transacciones	0.00647607495349141	0.00181457519612545	0.0020415603353992
g2_mcuentas_saldo_sobre_mrentabilidad_annual	0.00626907914569447	0.00192532150670081	0.0031352533722202
g2_g1_mtotal_caja_ahorro_sobre_g2_limite_compra_tarjetas_credito_lag_1	0.00541600070993326	0.000933849627452185	0.0016769959897922
asg1_monto_total_acreditaciones_lag3	0.0053548032705388	0.00243105976161354	0.0034269048487058
g1_m_activos_pasivos_margen_absoluto	0.00530295139319625	0.00799011190884098	0.00831206707983959
g2_g1_mtotal_caja_ahorro_sobre_g1_monto_total_prestamos	0.00505530903901551	0.00612348318415121	0.0045205978855268
g2_ctrx_quarter_sobre_g1_monto_total_acreditaciones	0.00501341554435686	0.00359649079449333	0.0016040831206708
asg1_m_activos_pasivos_margen_absoluto_lag2	0.00496759351186852	0.00662141716145003	0.00699963543565439
g1_visa_abierta_delta_lag1	0.00468139119763165	0.00328408455848767	0.000802041560335399
ccaja_seguridad	0.00452546423973529	0.0162232371857573	0.0038643820634342
g2_mcuentas_saldo_sobre_g1_monto_total_acreditaciones	0.00438942697537656	0.000529933321132806	0.0005103900838498
g1_master_limite_compra_sobre_sueldo	0.00437335608806725	0.00204258428877174	0.001093693036821
Visa_Finiciomora_lag_1	0.00432589960934375	0.00403629353664592	0.0010207801676996
asctarjeta_visa_lag3	0.00424815162153413	0.00140560095554066	0.0011666059059424
g2_g1_m_activos_pasivos_margen_absoluto_sobre_mcuentas_saldo	0.00412158310793318	0.00302823044531206	0.0035727305869486
ctarjeta_visa_delta_lag1	0.00396608232394245	0.00153049407412805	0.000364564345607
tcallcenter	0.00395400703088159	0.0133750943585564	0.00809332847247539
asg2_g1_m_activos_pasivos_margen_absoluto_sobre_mcuentas_saldo_lag2	0.00387145110920979	0.00330810548298618	0.0053226394458622
g2_ctrx_quarter_sobre_g1_monto_total_prestamos	0.00351593660900104	0.00328427113890363	0.0021144732045206
mcuenta_debitos_automaticos	0.00348019381901305	0.010600678481787	0.004739336492891
cmobile_app_trx_lag_1	0.00347925139207046	0.00524076762499845	0.00889537003281079
g1_monto_total_acreditaciones	0.0032785444996186	0.00120310121761443	0.000947867298578199
ctrx_quarter_delta_lag1	0.00321182044200809	0.0169710575116584	0.00692672256653299
g2_g1_monto_total_prestamos_sobre_mrentabilidad_annual	0.0031787380495009	0.00350085167951195	0.0028436018957346
g2_mpasivos_margen_sobre_g2_limite_compra_tarjetas_credito_lag_1	0.00314352714555963	0.00136199390234456	0.0022602989427634
mpayroll	0.00314019223500124	0.00232970627030113	0.0010207801676996
mrentabilidad_annual	0.00303622594110606	0.0134482244522809	0.00918702150929639
asg1_mtotal_cta_corriente_lag3	0.00302474442336433	0.0027040786711854	0.0033539919795844
asmautoservicio_lag3	0.00298764309640487	0.00180680883646704	0.003281079110463
thomebanking	0.00295490389007651	0.00792727563722686	0.0145096609551586
g1_monto_pago_servicios_totales	0.00281077308384219	0.0073201078544666	0.0032081662413416
g2_ctrx_quarter_sobre_g1_m_activos_pasivos_margen_absoluto_lag_1	0.00266313057881196	0.00312802267985348	0.0050309879693766
g1_visa_limite_compra_sobre_sueldo_delta_lag1	0.00255555862967486	0.00256163254856211	0.0013124316441852
mcuentas_saldo_delta_lag1	0.00254071405426074	0.00722071967686899	0.0049580751002552
g2_mpasivos_margen_sobre_g1_monto_total_prestamos	0.00249113091680024	0.00133657543034326	0.0015311702515494
mpasivos_margen	0.00244307727683993	0.00105815792677878	0.0016040831206708
mpayroll_lag_1	0.00243602201864218	0.000197327247297909	0.0002916514764856
g2_g2_tarjetas_madelantosdolares_sobre_g1_transacciones_totales_tc_lag_3	0.00232676610482276	0.00341694506208486	0.00619759387531899
g2_g1_consumo_total_tc_sobre_g1_monto_total_prestamos_lag_1	0.00223598224057541	0.00774255320108389	0.004010207801677
g2_mcuentas_saldo_sobre_g2_limite_compra_tarjetas_credito	0.00211180923422949	0.00269233012370285	0.0045205978855268
g2_mpasivos_margen_sobre_mrentabilidad_annual	0.00198432032316863	0.00111398078099375	0.001822821728035
Visa_delinquency	0.00198156195165984	0.00334375217301609	0.0019686474662778
g2_ctrx_quarter_sobre_g1_monto_total_acreditaciones_delta_lag1	0.00198155398466391	0.00240258157141456	0.0011666059059424
g2_g1_consumo_total_tc_sobre_mrentabilidad_annual	0.00197127594858693	0.00113999289971638	0.002187386073642
asg2_g1_mtotal_caja_ahorro_sobre_g1_m_activos_pasivos_margen_absoluto_lag2	0.00195601076261199	0.00371338844069646	0.00714546117389719
g1_mtotal_cta_corriente_delta_lag1	0.00191169217790747	0.00646350934044243	0.0037914691943128
mactivos_margen	0.00190189324976541	0.00586729021686532	0.0052497265767408
g1_monto_total_comisiones	0.00183831521850112	0.00421785193005755	0.00663507109004739
g2_g1_m_activos_pasivos_margen_absoluto_sobre_mrentabilidad_annual	0.00178500831036647	0.00195882192007484	0.0032081662413416
g2_g1_m_activos_pasivos_margen_absoluto_sobre_g2_limite_compra_tarjetas_credito	0.00172638335493347	0.00320913881662937	0.005103900838498
g2_g1_m_activos_pasivos_margen_absoluto_sobre_g1_monto_total_acreditaciones	0.00164695437415106	0.00228477068429373	0.0013124316441852
g1_visa_en_proceso_cierre	0.00164252634308004	0.00214269170377927	0.0005103900838498
g1_monto_total_debitado_tc	0.00162359837306002	0.00373309012887749	0.0044476850164054
g1_c_cuentas	0.00162271684973378	0.00887686562994267	0.0021144732045206
g2_g1_mtotal_caja_ahorro_sobre_g1_monto_total_acreditaciones	0.00161266829916043	0.000804195698896209	0.000947867298578199
cliente_edad_lag_1	0.00160391449976422	0.0078050231330856	0.00678089682829019
g2_g2_tarjetas_madelantosdolares_sobre_mrentabilidad_annual_lag_1	0.00160346693926729	0.00279212235824428	0.0027706890266132
mcaja_ahorro_lag_1	0.00160056009870877	0.000916386101766295	0.0018957345971564
cpayroll_trx	0.00156766193071471	0.000306098814825609	7.29128691213999e-05
g2_g1_monto_total_acreditaciones_sobre_g1_transacciones_totales_tc	0.00155916413623696	0.00182900889660504	0.0038643820634342
g1_numero_mes_lag_2	0.00155743441477965	0.00405874899126728	0.00583302952971199
ccaja_ahorro	0.00155208338524326	0.0069201197680876	0.0016769959897922
g2_ctrx_quarter_sobre_mcuentas_saldo	0.00153236670999146	0.0028812959602523	0.0053226394458622
mcomisiones_mantenimiento	0.00151199508297177	0.00676017240244702	0.0048851622311338
g2_g1_consumo_total_tc_sobre_g1_monto_total_prestamos	0.0014943747329698	0.00169971849892403	0.001822821728035
cliente_edad	0.00149162612513265	0.00885643507439477	0.00590594239883339
g2_mpasivos_margen_sobre_g1_m_activos_pasivos_margen_absoluto	0.00145898724910509	0.00308201576113507	0.0048851622311338
g2_ctrx_quarter_sobre_g1_consumo_total_tc	0.00141569991049619	0.00209463400547809	0.0031352533722202
g1_dinero_prom_por_inversion	0.0013534581878017	0.010063167788901	0.002551950419249
Visa_status	0.00134808304536718	0.00276903112583993	0.0021144732045206
g2_g1_consumo_total_tc_sobre_g2_limite_compra_tarjetas_credito	0.00131781613436033	0.00245644372626909	0.0044476850164054
g1_cant_cuentas_visa_y_master	0.0013116291934932	0.00428745465079982	0.001458257382428
g2_g1_m_activos_pasivos_margen_absoluto_sobre_g1_monto_total_acreditaciones_delta_lag1	0.00130963208864172	0.00144658886106968	0.0004374772147284
asg2_g1_m_activos_pasivos_margen_absoluto_sobre_mcuentas_saldo_lag3	0.00125802470881755	0.00179834109494389	0.0037914691943128
g2_g1_monto_total_prestamos_sobre_g1_monto_total_acreditaciones_delta_lag1	0.00123634061510971	0.000806449710695499	0.0002916514764856
g2_mrentabilidad_annual_sobre_g2_limite_compra_tarjetas_credito_lag_1	0.00121816508013722	0.00248796257537596	0.0048122493620124
g2_g1_m_activos_pasivos_margen_absoluto_sobre_g1_monto_total_prestamos	0.00121258821089872	0.00223912569145747	0.001822821728035
g2_g1_transacciones_totales_tc_sobre_mrentabilidad_annual_lag_1	0.00118972362721094	0.0017992234397497	0.0032081662413416
internet	0.0011702133460654	0.0112592678271865	0.0028436018957346
g2_g1_mtotal_caja_ahorro_sobre_mpasivos_margen_lag_1	0.00116439760940102	0.000918984785774858	0.0023332118118848
asg1_transacciones_totales_tc_lag3	0.00115778295887712	0.00129072419592892	0.0024061246810062
g2_g1_mtotal_caja_ahorro_sobre_g2_limite_compra_tarjetas_credito	0.00106933917645137	0.001084768105953	0.0017499088589136
asg2_g1_mtotal_caja_ahorro_sobre_g1_m_activos_pasivos_margen_absoluto_lag3	0.00106717472328409	0.00235294576391773	0.0048122493620124
g1_m_activos_pasivos_margen_neto	0.00104884869057399	0.0054050966210526	0.0038643820634342
mcomisiones_mantenimiento_lag_1	0.0010231934137767	0.00533097183302453	0.0034269048487058
ccaja_seguridad_lag_1	0.0010164465208975	0.00122277562091742	0.0002916514764856
Master_status	0.00100780024536595	0.00164409245695429	0.001822821728035
chomebanking_transacciones	0.00100233398555852	0.00827579381055771	0.0057601166605906
internet_lag_1	0.000994202146346968	0.0064280751113378	0.0015311702515494
mcomisiones	0.000954214551880767	0.00327190446855917	0.0041560335399198
ccomisiones_otras_lag_1	0.000953650422942316	0.00141028392335722	0.0032081662413416
cliente_antiguedad	0.000933063886405857	0.00541740771852048	0.00699963543565439
g2_mcuentas_saldo_sobre_g1_monto_total_prestamos	0.000927927699759724	0.000799626284322055	0.000656215822092599
mcomisiones_otras	0.000927703492554138	0.00285720361357305	0.004374772147284
g1_mtotal_caja_ahorro_lag_3	0.000908839464384927	0.000710378852644063	0.001822821728035
cmobile_app_trx	0.000893820328074616	0.00340864243419863	0.00561429092234779
g2_g1_monto_total_prestamos_sobre_g1_transacciones_totales_tc	0.000879591981056647	0.00141712460340354	0.0030623405030988
g1_transacciones_totales_tc_delta_lag1	0.000877359270806961	0.00552296107480898	0.0019686474662778
g2_mpasivos_margen_sobre_g1_m_activos_pasivos_margen_absoluto_lag_1	0.000866395061915055	0.00232160627275911	0.0045205978855268
asg1_visa_limite_compra_sobre_sueldo_lag3	0.000864045801538251	0.0052812668102121	0.0029894276339774
g2_g1_mtotal_caja_ahorro_sobre_mrentabilidad_annual_lag_1	0.000854276506512877	0.000970538760322244	0.0018957345971564
g2_ctrx_quarter_sobre_g1_m_activos_pasivos_margen_absoluto	0.000825151845392092	0.00300491993076293	0.00656215822092599
g2_g1_m_activos_pasivos_margen_absoluto_sobre_mcuentas_saldo_lag_1	0.0007992829737857	0.00143904920664786	0.0024790375501276
mrentabilidad	0.000795889072895102	0.0055911939341747	0.0045205978855268
g2_mpasivos_margen_sobre_g1_monto_total_acreditaciones	0.000782885396645195	0.000555038418284931	0.0005103900838498
g2_g1_m_activos_pasivos_margen_absoluto_sobre_g1_monto_total_prestamos_lag_1	0.000779802102583784	0.0029843740163557	0.0018957345971564
g2_g1_mtotal_caja_ahorro_sobre_g1_m_activos_pasivos_margen_absoluto	0.000763975331922034	0.00246713418223144	0.0045935107546482
mtarjeta_visa_consumo_lag_3	0.000745120109903836	0.00119247195200355	0.002551950419249
g2_mrentabilidad_annual_sobre_g2_limite_compra_tarjetas_credito	0.000735003078576051	0.00213593709147321	0.0037914691943128
Visa_madelantodolares	0.000729566717208052	0.000836189425255313	0.0015311702515494
Master_delinquency	0.000672372863907251	0.00262238895009851	0.0013124316441852
g1_numero_mes_delta_lag1	0.000669124345109947	0.00589624769804681	0.0015311702515494
g2_g1_mtotal_caja_ahorro_sobre_mcuentas_saldo	0.000653042576203616	0.00497561458464018	0.00568720379146919
mpagomiscuentas	0.000646185776715975	0.00332552206263193	0.0018957345971564
ccajas_transacciones	0.000645410290396312	0.00451619040394784	0.0038643820634342
mrentabilidad_annual_lag_1	0.000617628689585971	0.0012377132891442	0.002187386073642
g2_g1_m_activos_pasivos_margen_absoluto_sobre_g1_consumo_total_tc_lag_1	0.000616531421153819	0.00148231539949265	0.003281079110463
g2_g1_mtotal_caja_ahorro_sobre_g1_monto_total_prestamos_lag_1	0.000595550562704877	0.00287563916303888	0.0024061246810062
g2_ctrx_quarter_sobre_mpasivos_margen_lag_1	0.000586863894118441	0.0018579707915168	0.0026248632883704
Master_mpagosdolares	0.000568781080334642	0.00143765527037893	0.002551950419249
g1_cant_transacciones_por_tarjeta_debito	0.000554778726924299	0.000654546368472142	0.000874954429456799
g2_ctrx_quarter_sobre_mcuentas_saldo_lag_1	0.000548799714449474	0.00274004555728399	0.004374772147284
cproductos	0.0005478013787851	0.00310186370428732	0.000874954429456799
g2_g1_mtotal_caja_ahorro_sobre_g1_m_activos_pasivos_margen_absoluto_lag_1	0.000540593015792357	0.00106282524591529	0.0026248632883704
g1_cons_prom_visa	0.000539541067577142	0.00217525460071911	0.0051768137076194
g2_g1_transacciones_totales_tc_sobre_g2_limite_compra_tarjetas_credito	0.000530256390735407	0.00228094297702905	0.00364564345607
g1_montos_transferencias_totales_netas	0.000507042623413612	0.00231153353841048	0.0029894276339774
g1_monto_total_plazos_fijos	0.000507022328779273	0.00402789139920451	0.001093693036821
ccajas_consultas	0.000505102584030269	0.00581587748168658	0.0013853445133066
g2_mpasivos_margen_sobre_mcuentas_saldo	0.000503149214588349	0.00312335295322774	0.0041560335399198
tmobile_app	0.000492997580047244	0.00393206530255896	0.0034998177178272
g2_g1_monto_total_prestamos_sobre_g2_limite_compra_tarjetas_credito	0.000475762012184473	0.00124336446888273	0.0020415603353992
g2_ctrx_quarter_sobre_mrentabilidad_annual_lag_1	0.00047522453338867	0.00186001916361032	0.0034269048487058
g2_mpasivos_margen_sobre_mrentabilidad_annual_lag_1	0.000474877226709144	0.00192441709324365	0.0031352533722202
g2_ctrx_quarter_sobre_g1_monto_total_prestamos_lag_1	0.000472438953870525	0.00183008705053555	0.0013124316441852
mttarjeta_visa_debitos_automaticos_lag_1	0.000466300299383149	0.00319492821015253	0.0034998177178272
Visa_madelantopesos_lag_1	0.000462870910248033	0.000419016881317949	0.000947867298578199
g2_limite_compra_tarjetas_credito	0.000452522587716467	0.00461030959072349	0.0041560335399198
asmcuentas_saldo_lag3	0.000436853994077285	0.00187533982325009	0.003281079110463
Visa_mpagosdolares_lag_1	0.00043114783269582	0.000545144239388129	0.0011666059059424
asg2_g1_m_activos_pasivos_margen_absoluto_sobre_g1_monto_total_acreditaciones_lag2	0.000426098732015271	0.00227404491848922	0.0020415603353992
g2_mpasivos_margen_sobre_mcuentas_saldo_lag_1	0.000420953021123093	0.00120871347627694	0.0017499088589136
Visa_mfinanciacion_limite	0.000413828858236181	0.00210459178221561	0.0019686474662778
asg2_ctrx_quarter_sobre_g1_mtotal_caja_ahorro_lag3	0.00040456878158815	0.00229410171133289	0.0037185563251914
Visa_madelantodolares_lag_1	0.000404255938238149	0.000629605381836423	0.0012395187750638
ascdescubierto_preacordado_lag3	0.000396519134067463	0.00343723437826412	0.0016769959897922
g2_g1_monto_total_acreditaciones_sobre_g2_limite_compra_tarjetas_credito	0.000394428452598278	0.000788543206989775	0.0011666059059424
g2_mcuentas_saldo_sobre_g1_monto_total_prestamos_lag_1	0.000394186478385001	0.00185582270924399	0.001458257382428
g1_dinero_prom_por_plazo_fijo	0.000384640158879172	0.00263439750641879	0.000656215822092599
g2_g1_monto_total_acreditaciones_sobre_mrentabilidad_annual	0.000382961862999638	0.000538558953825166	0.000874954429456799
g2_g1_consumo_total_tc_sobre_g2_limite_compra_tarjetas_credito_lag_1	0.000379312686061832	0.00105332408963663	0.0024790375501276
g2_mcuentas_saldo_sobre_mrentabilidad_annual_lag_1	0.000370623036146217	0.000815170439212769	0.0018957345971564
g2_ctrx_quarter_sobre_g1_consumo_total_tc_delta_lag1	0.00036014070520596	0.0027294718645497	0.0035727305869486
g2_g1_m_activos_pasivos_margen_absoluto_sobre_mrentabilidad_annual_lag_1	0.000358132977665608	0.00168290198597092	0.0038643820634342
g2_g1_mtotal_caja_ahorro_sobre_g1_consumo_total_tc_lag_1	0.000354296922711022	0.00197933352776043	0.00364564345607
g2_g1_mtotal_caja_ahorro_sobre_g1_transacciones_totales_tc	0.000346694554108414	0.00142448068677094	0.0030623405030988
Visa_mpagospesos	0.000341771118051642	0.00162098698023861	0.002551950419249
mtransferencias_emitidas	0.000337360476629957	0.0034500243654663	0.002551950419249
g2_ctrx_quarter_sobre_g1_mtotal_caja_ahorro_lag_1	0.0003358895941637	0.0019787146024021	0.0034269048487058
Visa_mpagominimo	0.000335119414142742	0.00304084849765781	0.00364564345607
g2_g1_mtotal_caja_ahorro_sobre_g1_consumo_total_tc_lag_3	0.00033459101066575	0.00163517872804975	0.0032081662413416
g2_g2_tarjetas_madelantosdolares_sobre_g1_transacciones_totales_tc_lag_2	0.000331717735797247	0.000711768375182727	0.0018957345971564
g2_mpasivos_margen_sobre_g1_monto_total_prestamos_lag_1	0.000326845178122619	0.00109001502812362	0.000874954429456799
g2_g1_mtotal_caja_ahorro_sobre_mpasivos_margen	0.000325429685829618	0.00208459918908496	0.003281079110463
Visa_msaldopesos	0.000321980107266857	0.00181122918733253	0.0033539919795844
g2_g1_mtotal_caja_ahorro_sobre_g1_consumo_total_tc_lag_2	0.000320284585220379	0.00173506605841609	0.002916514764856
g2_g1_consumo_total_tc_sobre_mcuentas_saldo	0.000315272287878719	0.00288875335879181	0.0028436018957346
g2_mcuentas_saldo_sobre_g1_transacciones_totales_tc_lag_1	0.000307704975192329	0.000962353296912273	0.0021144732045206
g1_consumo_total_tc_delta_lag1	0.000306052409083987	0.00153906513706434	0.0013853445133066
g2_ctrx_quarter_sobre_g2_limite_compra_tarjetas_credito_lag_1	0.000298693818088799	0.00131415668993279	0.0028436018957346
mtarjeta_visa_consumo_delta_lag1	0.000298171373842118	0.00150788393832314	0.001093693036821
g2_g1_transacciones_totales_tc_sobre_g2_limite_compra_tarjetas_credito_lag_1	0.000298102257242626	0.00138780138448194	0.0026248632883704
g2_g1_consumo_total_tc_sobre_mrentabilidad_annual_lag_1	0.00029688239328673	0.00126423579558533	0.0024061246810062
g2_g1_monto_total_prestamos_sobre_mrentabilidad_annual_lag_1	0.000296006819139215	0.00108236001484247	0.0017499088589136
g2_ctrx_quarter_sobre_mrentabilidad_annual	0.000293211545635761	0.000670247010163341	0.001093693036821
numero_de_cliente	0.000290583855026458	0.00216956570364918	0.0037185563251914
g2_mcuentas_saldo_sobre_g1_monto_total_acreditaciones_delta_lag1	0.000282746063920207	0.000281219018541362	0.0001458257382428
g2_g1_mtotal_caja_ahorro_sobre_g1_m_activos_pasivos_margen_absoluto_delta_lag1	0.000278350029698465	0.00262721496290064	0.0026977761574918
asg1_visa_limite_compra_sobre_sueldo_lag2	0.000276009936097329	0.00205729966549219	0.001093693036821
g1_cantidad_comisiones_totales_lag_1	0.000275839101091417	0.00163102942034767	0.0035727305869486
ctarjeta_visa	0.000273142575956443	0.00145184079884287	0.000874954429456799
g2_ctrx_quarter_sobre_mpasivos_margen	0.000270508672941391	0.000848794838282565	0.0018957345971564
g2_mcuentas_saldo_sobre_g2_limite_compra_tarjetas_credito_lag_1	0.000269991525647535	0.00150614232048338	0.0020415603353992
Visa_cconsumos	0.000268800940661519	0.00147167710579714	0.0034269048487058
g2_g1_m_activos_pasivos_margen_absoluto_sobre_g1_consumo_total_tc	0.000264122743652476	0.00150319996738606	0.0028436018957346
g1_monto_debitos_en_tc_lag_1	0.000263785090184563	0.00165690732154527	0.0022602989427634
Visa_mconsumosdolares	0.000262852765968009	0.000766787729864437	0.0020415603353992
g2_mpasivos_margen_sobre_g1_consumo_total_tc	0.000260799941472882	0.00171811633105846	0.0024061246810062
g1_montos_transferencias_totales_absolutas	0.000256842670341706	0.00208027313154797	0.0028436018957346
Master_mpagospesos	0.000255257820596197	0.00382686825467772	0.0016769959897922
g1_deuda_promedio_prestamo	0.000253063540422256	0.00248778221430719	0.001458257382428
ctarjeta_master	0.000253033240666231	0.000915664256243033	0.000802041560335399
ascdescubierto_preacordado_lag2	0.000248531155231193	0.00275629570839382	0.0013853445133066
g1_cantidad_debitos_en_tc_lag_1	0.000245973339940639	0.00323727634710114	0.0023332118118848
g2_g1_transacciones_totales_tc_sobre_mrentabilidad_annual	0.000245969262110212	0.00112975665672364	0.0019686474662778
Visa_mpagosdolares	0.000242422099263259	0.00080862126598838	0.0021144732045206
g2_g1_m_activos_pasivos_margen_absoluto_sobre_mcuentas_saldo_delta_lag1	0.000240187760783336	0.00186801363287406	0.002187386073642
g1_m_activos_pasivos_margen_absoluto_lag_1	0.000240136827826867	0.000989171523281499	0.001458257382428
g2_g1_m_activos_pasivos_margen_absoluto_sobre_g1_monto_total_acreditaciones_lag_1	0.000235335471425335	0.000862112667500229	0.000947867298578199
g2_g1_monto_total_prestamos_sobre_g2_limite_compra_tarjetas_credito_lag_1	0.000231183672630143	0.000578642044648815	0.0012395187750638
Master_mpagosdolares_lag_1	0.000229325372697327	0.00125502393926347	0.0026248632883704
g2_ctrx_quarter_sobre_g1_transacciones_totales_tc	0.000228964593550003	0.00189264445464626	0.0030623405030988
mcaja_ahorro_dolares	0.000227661411454415	0.00360763526280119	0.0024790375501276
Visa_mpagominimo_lag_1	0.000226026699068738	0.00166075067748999	0.002916514764856
Master_madelantopesos	0.000222110342750708	0.00088353831859993	0.0022602989427634
g2_g1_consumo_total_tc_sobre_g1_transacciones_totales_tc	0.000220641213858852	0.00146956312962187	0.0023332118118848
g2_mcuentas_saldo_sobre_g1_transacciones_totales_tc	0.000220346314911609	0.00131463497779479	0.0024061246810062
g2_mpasivos_margen_sobre_g2_limite_compra_tarjetas_credito	0.000217554800506993	0.000902150818524764	0.0020415603353992
Master_mlimitecompra	0.000216528935941571	0.00141812752329536	0.0021144732045206
cdescubierto_preacordado_lag_1	0.000213844073823418	0.00153387158090518	0.000874954429456799
mcomisiones_lag_1	0.000212016087208678	0.0005240002645293	0.001093693036821
Master_madelantopesos_lag_1	0.000207368421253842	0.000599823736839043	0.001458257382428
g2_ctrx_quarter_sobre_g1_consumo_total_tc_lag_1	0.000205389722432354	0.00153230029292903	0.0026248632883704
asg2_ctrx_quarter_sobre_g1_mtotal_caja_ahorro_lag2	0.000204416423134594	0.00130124953825435	0.0023332118118848
asg2_g1_consumo_total_tc_sobre_g1_monto_total_acreditaciones_lag3	0.00020357760468036	0.00105276936399132	0.000947867298578199
asg1_mtotal_cta_corriente_lag2	0.000199271579158692	0.00109717409862169	0.0013124316441852
g2_ctrx_quarter_sobre_g2_limite_compra_tarjetas_credito	0.000194773459785779	0.000888338049644541	0.002187386073642
g2_g1_monto_total_acreditaciones_sobre_mrentabilidad_annual_lag_1	0.00019307310965092	0.000749722844271576	0.0011666059059424
Visa_msaldototal	0.000181074508526794	0.00154192603677577	0.002916514764856
ccomisiones_mantenimiento_lag_1	0.000179741321130259	0.00286456772190458	0.000802041560335399
ctarjeta_master_transacciones	0.000178699488271555	0.00410658820992008	0.0010207801676996
Master_cadelantosefectivo	0.000174765191781418	0.000870801095536886	0.0015311702515494
mcaja_ahorro_dolares_lag_1	0.000173384637249369	0.00161163328267579	0.001458257382428
Master_madelantodolares_lag_1	0.000173172289908378	0.000532328171052533	0.0010207801676996
tmobile_app_lag_1	0.000171758229820715	0.00144973986323431	0.001458257382428
Master_msaldopesos	0.000170554633817903	0.000806287004547816	0.0013853445133066
ctrx_quarter_lag_3	0.000170383414659912	0.00108168551660756	0.0019686474662778
Master_msaldototal	0.000170260673982438	0.00110641785417596	0.0013853445133066
ctrx_quarter_lag_2	0.000169795576643747	0.00152443743307698	0.0023332118118848
Visa_msaldototal_lag_1	0.000169171070462793	0.00123379790914643	0.0024790375501276
cliente_antiguedad_lag_1	0.000165887770427917	0.00183402730792212	0.0029894276339774
Visa_mconsumosdolares_lag_1	0.000163060450070105	0.00112177302116148	0.0030623405030988
chomebanking_transacciones_lag_1	0.000160041183908872	0.000720137810895318	0.0011666059059424
g2_g1_monto_total_acreditaciones_sobre_g1_transacciones_totales_tc_lag_1	0.000159623333500094	0.000636442450648884	0.0015311702515494
asg1_consumo_total_tc_lag3	0.000158990743652412	0.00105968026247375	0.002187386073642
Visa_fechaalta	0.00015852616566975	0.00141831029185337	0.0022602989427634
g2_g1_monto_total_acreditaciones_sobre_g2_limite_compra_tarjetas_credito_lag_1	0.000158394009787954	0.000427766900954284	0.000729128691213999
g1_cantidad_debitos_totales_lag_1	0.000156946766636446	0.0014610502476755	0.0023332118118848
mtransferencias_recibidas	0.000156425482771342	0.00181912956389187	0.001458257382428
Visa_delinquency_lag_1	0.000152228359914383	0.000651673230690422	0.000583302952971199
mtransferencias_emitidas_lag_1	0.000150660800757899	0.00142100728167249	0.0015311702515494
g1_cantidad_descuentos_totales_tc	0.000149292564996641	0.00275488933343048	0.000656215822092599
asg2_ctrx_quarter_sobre_g1_consumo_total_tc_lag3	0.000148646715792614	0.000931281237683203	0.0016040831206708
g2_g1_mtotal_caja_ahorro_sobre_g1_monto_total_acreditaciones_lag_1	0.000147972902750499	0.00122702744753623	0.0010207801676996
Master_mpagominimo_lag_1	0.0001418735078244	0.00130624307218264	0.0020415603353992
mpasivos_margen_lag_1	0.000141872953128004	0.000550397982778249	0.0012395187750638
g2_g1_mtotal_caja_ahorro_sobre_g1_consumo_total_tcdelta_lag1	0.000141777228779693	0.000910897226927241	0.001458257382428
g2_g1_monto_total_prestamos_sobre_g1_transacciones_totales_tc_lag_1	0.000140300400477884	0.00062660043401891	0.0013853445133066
g1_mtotal_caja_ahorro_delta_lag1	0.00013984421153509	0.000768070520380205	0.0011666059059424
tcuentas_lag_1	0.000139047552145466	0.00267215937636858	0.000874954429456799
Master_fultimo_cierre	0.000138215490329021	0.000703725756134224	0.0012395187750638
g1_monto_total_comisiones_lag_1	0.000136428038104344	0.000456508309976647	0.001093693036821
Visa_msaldopesos_lag_1	0.000136401679276032	0.00129812441659903	0.0024061246810062
g1_consumo_promedio_tc	0.000136095609272574	0.000809806151941793	0.0017499088589136
g2_g1_m_activos_pasivos_margen_absoluto_sobre_g1_transacciones_totales_tc_lag_1	0.000135812999764473	0.000913567132492435	0.001822821728035
g2_g1_mtotal_caja_ahorro_sobre_mrentabilidad_annual	0.000134899593740335	0.000774715190677711	0.001458257382428
Master_fultimo_cierre_lag_1	0.000133658417812274	0.000864298467104435	0.0013853445133066
mtarjeta_master_consumo	0.000133160374240636	0.00169895331859448	0.000729128691213999
g1_transacciones_totales_tc_lag_1	0.000132892664512534	0.000330309930973939	0.001093693036821
g1_montos_transferencias_totales_absolutas_lag_1	0.000131184314374112	0.000985646557788529	0.0019686474662778
g2_g1_monto_total_prestamos_sobre_g1_monto_total_acreditaciones_lag_3	0.000129544861532794	0.000782361978370628	0.000947867298578199
asmautoservicio_lag2	0.000128917246910677	0.00103141132321439	0.0018957345971564
g2_mpasivos_margen_sobre_g1_monto_total_acreditaciones_lag_1	0.000127000494482703	0.000653600425825622	0.000729128691213999
Visa_fechaalta_lag_1	0.00012592803354146	0.00112868753087777	0.0024061246810062
g1_visa_limite_compra_sobre_sueldo_lag_1	0.000125603853413003	0.000297724363510438	0.0002916514764856
mcuenta_corriente_lag_1	0.000125210652592648	0.000791694610402614	0.0012395187750638
Master_madelantodolares	0.000124106967226167	0.000620541385478603	0.000802041560335399
ctarjeta_visa_debitos_automaticos_lag_1	0.000122911095353889	0.00201830154981857	0.001458257382428
g2_g2_tarjetas_madelantosdolares_sobre_mrentabilidad_annual	0.000121975272407066	0.000312350261880871	0.0004374772147284
Master_mfinanciacion_limite_lag_1	0.000120390293580378	0.00102180544115387	0.0019686474662778
Visa_fultimo_cierre_lag_1	0.000120318242316728	0.000613068338259044	0.0011666059059424
cplazo_fijo	0.000120297923881415	0.000918296444476828	0.0002187386073642
cseguro_vivienda	0.000119986475911914	0.00367318577790731	0.000874954429456799
g1_mcomisiones_rentabilidad_lag_1	0.000119519732796657	0.000306717138311627	0.0005103900838498
Visa_mlimitecompra	0.000118662981002797	0.00109763172220106	0.0017499088589136
g1_monto_total_debitado_tc_lag_1	0.000118145104026846	0.000919640826592274	0.0020415603353992
asg2_ctrx_quarter_sobre_g1_consumo_total_tc_lag2	0.000118064551468965	0.000933662846412119	0.001822821728035
g1_m_activos_pasivos_margen_neto_lag_1	0.000116866282208176	0.000638660149485497	0.001093693036821
Master_mpagominimo	0.000115605248147702	0.000895268408664983	0.0019686474662778
Master_cconsumos	0.000114379656503857	0.000630331039217645	0.000802041560335399
Master_mlimitecompra_lag_1	0.000113279936411434	0.00116594864306601	0.0020415603353992
asg1_m_activos_pasivos_margen_absoluto_lag3	0.000112263979395422	0.000755989538758681	0.0017499088589136
mprestamos_personales_lag_1	0.000111163967398796	0.000733981074639225	0.000874954429456799
Master_msaldopesos_lag_1	0.000110945833140747	0.000551495998494984	0.0010207801676996
mrentabilidad_lag_1	0.00010954269389144	0.000315225004655417	0.000729128691213999
g2_ctrx_quarter_sobre_g1_mtotal_caja_ahorro_delta_lag1	0.000107671946307138	0.000342054265350318	0.0010207801676996
Visa_cadelantosefectivo_lag_1	0.000107379411206543	0.000215745543090859	0.000656215822092599
Master_mpagado_lag_1	0.000107228565322383	0.000359994875153584	0.000583302952971199
mcuentas_saldo_lag_1	0.00010679295992424	0.000572135604358404	0.0012395187750638
g2_g1_consumo_total_tc_sobre_g1_monto_total_acreditaciones_delta_lag1	0.000106269529383513	0.000226282722238371	0.0004374772147284
mplazo_fijo_dolares	0.000105824466845215	0.0010206925792535	0.0004374772147284
g1_monto_transferencia_promedio	0.000105305142573298	0.000537872418144065	0.0012395187750638
asmcuentas_saldo_lag2	0.000105255161766281	0.000674983544615448	0.0015311702515494
Master_mfinanciacion_limite	0.000104382803611837	0.000744502203858482	0.0017499088589136
g2_g1_monto_total_prestamos_sobre_g1_monto_total_acreditaciones_lag_2	0.00010381781160105	0.000940046705375484	0.001093693036821
g2_mpasivos_margen_sobre_g1_consumo_total_tc_lag_1	0.000103390794224141	0.000686075248784165	0.0017499088589136
Visa_Fvencimiento	0.00010258266736188	0.000787638994156718	0.0013853445133066
g1_monto_total_prestamos_lag_1	0.000100230055953343	0.000639421317332983	0.000583302952971199
Visa_mfinanciacion_limite_lag_1	9.94894597917937e-05	0.000916660756163556	0.0017499088589136
g1_porcentaje_saldo_caja_ahorro	9.94248402563285e-05	0.00109655557451157	0.000729128691213999
Master_Fvencimiento_lag_1	9.68100749512671e-05	0.00092319006760173	0.0018957345971564
g1_cons_prom_visa_lag_1	9.49836164661656e-05	0.000734117097781185	0.0017499088589136
g1_cant_inversiones_totales	9.33167502774561e-05	0.00153049407412805	0.000364564345607
g1_comision_promedio	9.20970789783341e-05	0.000801092445268135	0.0019686474662778
g2_g2_tarjetas_madelantosdolares_sobre_g1_transacciones_totales_tc_lag_1	8.96389811537094e-05	0.000329873172301304	0.000947867298578199
mttarjeta_visa_debitos_automaticos	8.9471245186277e-05	0.000712580702176525	0.0016769959897922
g2_g1_mtotal_caja_ahorro_sobre_g1_transacciones_totales_tc_lag_1	8.80344817805709e-05	0.000581525414259798	0.0013124316441852
Visa_cconsumos_lag_1	8.73054116008086e-05	0.000854265255704126	0.002187386073642
thomebanking_lag_1	8.55510616334795e-05	0.000547040739035542	0.0010207801676996
Visa_mlimitecompra_lag_1	8.25918967440975e-05	0.000825273467800987	0.0016769959897922
g1_visa_consumo_total	8.19211596665758e-05	0.00151013253327164	0.001093693036821
Visa_Fvencimiento_lag_1	8.06943428876049e-05	0.000551137081974385	0.000874954429456799
Master_Fvencimiento	8.01754046777078e-05	0.000704835608673046	0.001458257382428
Visa_cadelantosefectivo	7.97176268351149e-05	0.000223873427383215	0.0004374772147284
g1_monto_debitos_en_tc	7.81006185792174e-05	0.000590812303996257	0.001093693036821
Master_fechaalta_lag_1	7.7996666681068e-05	0.000944836806463142	0.0016769959897922
g1_mtotal_caja_ahorro_lag_2	7.76055742002977e-05	0.000656798975902709	0.001822821728035
asg1_consumo_total_tc_lag2	7.48192110245112e-05	0.00055954263002555	0.0015311702515494
Visa_mconsumospesos_lag_1	7.47965518235653e-05	0.000657523429539312	0.0015311702515494
mcomisiones_otras_lag_1	7.41749622111141e-05	0.000562726935791311	0.001093693036821
mtransferencias_recibidas_lag_1	7.33549957357813e-05	0.00040317199089656	0.000874954429456799
g2_limite_compra_tarjetas_credito_lag_1	7.18754233348759e-05	0.000791046995797531	0.0017499088589136
g1_transferencias_totales_lag_1	7.17237522314753e-05	0.00059251921386616	0.000947867298578199
g1_monto_total_cajeros_automaticos	7.13245726320941e-05	0.000774872078726402	0.000729128691213999
Master_fechaalta	7.09292315943618e-05	0.00103677922171923	0.0016769959897922
g1_comision_promedio_lag_1	6.96687832624809e-05	0.000540346915832756	0.0013853445133066
g1_monto_prom_trx_tarjeta_debito	6.91630001137677e-05	0.000729129983824198	0.001093693036821
asg2_g1_m_activos_pasivos_margen_absoluto_sobre_g1_monto_total_acreditaciones_lag3	6.88644611603248e-05	0.000486160151179266	0.000583302952971199
g1_monto_transferencia_promedio_lag_1	6.86122021462066e-05	0.000297656151315355	0.000656215822092599
Master_mconsumosdolares	6.80267036727239e-05	0.000532776164674946	0.0013853445133066
g2_g1_consumo_total_tc_sobre_mcuentas_saldo_lag_1	6.72604505110942e-05	0.00054596238448092	0.001093693036821
Visa_mconsumototal	6.72145480014085e-05	0.000435903813331284	0.0010207801676996
mtarjeta_visa_consumo_lag_2	6.67067648624972e-05	0.000746276322802952	0.0018957345971564
g1_mtotal_cta_corriente_lag_1	6.63373176343568e-05	0.000417903818793476	0.000729128691213999
g2_g1_m_activos_pasivos_margen_absoluto_sobre_g1_transacciones_totales_tc	6.48100238077323e-05	0.000470702866525231	0.0011666059059424
g1_visa_consumo_total_lag_1	6.42688665770217e-05	0.000433629137249366	0.0011666059059424
g2_mcuentas_saldo_sobre_g1_monto_total_acreditaciones_lag_1	6.34786857356452e-05	0.000332341651266899	0.0002187386073642
g1_monto_prom_trx_tarjeta_debito_lag_1	6.31085950743694e-05	0.000667808624813223	0.0011666059059424
g1_montos_transferencias_totales_netas_lag_1	6.29986508837045e-05	0.000519061099732975	0.001093693036821
Master_mconsumosdolares_lag_1	6.29601180124154e-05	0.000455383410630085	0.000802041560335399
asg2_g1_consumo_total_tc_sobre_g1_monto_total_acreditaciones_lag2	6.19895931375736e-05	0.000422843384838007	0.000656215822092599
g2_g1_monto_total_prestamos_sobre_g1_monto_total_acreditaciones_lag_1	5.9768165003138e-05	0.000400099031508067	0.000656215822092599
g2_mpasivos_margen_sobre_g1_transacciones_totales_tc_lag_1	5.96298706045129e-05	0.000632930325098517	0.0016040831206708
g1_cant_transacciones_por_tarjeta_debito_lag_1	5.94101519192321e-05	0.000620254693635151	0.001093693036821
asg1_monto_total_acreditaciones_lag2	5.8890335744182e-05	0.000576515629779151	0.000583302952971199
g1_consumo_total_tc_lag_1	5.74937287192799e-05	0.000333951659694963	0.000802041560335399
g2_mpasivos_margen_sobre_g1_transacciones_totales_tc	5.17792782690385e-05	0.000482599073347722	0.0011666059059424
g1_mtotal_caja_ahorro_lag_1	5.16557562397907e-05	0.000477141094620559	0.0013853445133066
Master_msaldototal_lag_1	5.12319617490253e-05	0.000420260951381803	0.0011666059059424
ctarjeta_debito_transacciones_lag_1	4.99753431405828e-05	0.000380039630551059	0.000729128691213999
mautoservicio_lag_1	4.98002212626092e-05	0.000540603915308937	0.0013124316441852
g1_m_activos_pasivos_margen_absoluto_delta_lag1	4.92349534148257e-05	0.000329296979876955	0.000729128691213999
g2_g1_consumo_total_tc_sobre_g1_monto_total_acreditaciones_lag_1	4.86907745621763e-05	0.000371524140491348	0.0005103900838498
g1_monto_total_acreditaciones_lag_1	4.81442301734701e-05	0.000156974116431372	0.0001458257382428
ctrx_quarter_lag_1	4.72568007377348e-05	0.000636129477047914	0.000802041560335399
Visa_mpagado	4.70454602702142e-05	8.33115663370407e-05	0.0002916514764856
asg2_ctrx_quarter_sobre_g1_monto_total_acreditaciones_lag3	4.61164750242963e-05	0.00063794933828791	0.0002916514764856
asg2_ctrx_quarter_sobre_g1_monto_total_acreditaciones_lag2	4.58415169869411e-05	0.000276559122496671	0.0002916514764856
Master_cadelantosefectivo_lag_1	4.5638963915857e-05	0.000379360517961776	0.001093693036821
Master_mconsumospesos	4.55684985549978e-05	0.000324176250267247	0.000583302952971199
Visa_status_lag_1	4.54253777177479e-05	0.000125841468723141	0.0002187386073642
g1_cons_prom_master	4.53755133231249e-05	0.00036771529189237	0.0001458257382428
g1_cantidad_total_prestamos_lag_1	4.53524974430439e-05	0.000121381394285222	0.0001458257382428
g1_monto_debitado_promedio_cuenta	4.45810425520883e-05	0.00047683253474986	0.0004374772147284
g1_deuda_promedio_prestamo_lag_1	4.40814583535517e-05	0.000144542845125685	0.0001458257382428
Visa_fultimo_cierre	4.37508894705813e-05	0.000324382291221219	0.0005103900838498
Visa_mconsumospesos	4.32815928649491e-05	0.000447856596150873	0.000874954429456799
mforex_sell	4.07566855960487e-05	0.00153049407412805	0.000364564345607
Master_mconsumototal	3.96448364456172e-05	0.000425204128660192	0.000729128691213999
Master_mpagado	3.95783366336454e-05	0.000195315188167061	0.0002916514764856
g2_g1_consumo_total_tc_sobre_g1_transacciones_totales_tc_lag_1	3.94313291721315e-05	0.000401851081801186	0.0010207801676996
ctarjeta_visa_transacciones_lag_1	3.87266644433792e-05	0.000268109838391011	0.000729128691213999
Master_mconsumospesos_lag_1	3.86034613953502e-05	0.000301722801886926	0.0005103900838498
ccajas_transacciones_lag_1	3.71610842619506e-05	0.000676205144779745	0.000583302952971199
mcuenta_debitos_automaticos_lag_1	3.60858650186801e-05	0.00027198990854662	0.0004374772147284
g2_ctrx_quarter_sobre_g1_transacciones_totales_tc_lag_1	3.6080971064734e-05	0.000494381325679604	0.000802041560335399
Visa_msaldodolares	3.57226089646237e-05	0.000199956827418362	0.0002187386073642
matm_other_lag_1	3.56969702664739e-05	0.000453337646649902	0.0002916514764856
Visa_madelantopesos	3.47354365400533e-05	0.000205963111819531	0.000656215822092599
asg2_mcuentas_saldo_sobre_g1_monto_total_acreditaciones_lag3	3.4548881298395e-05	0.00034321126455339	0.0005103900838498
g1_cantidad_interacciones_con_linea_caja	3.36070700170495e-05	0.000540624579591565	0.0001458257382428
g1_rentabilidad_mensual_lag_1	3.35586582004677e-05	0.000268180056827126	0.0001458257382428
Visa_mconsumototal_lag_1	3.28393144825848e-05	0.000379353295494061	0.000802041560335399
mcheques_depositados_lag_1	3.1165194175052e-05	0.00110678640065352	0.0002916514764856
g1_monto_inversiones_totales_lag_1	3.07411680427977e-05	0.000213754750114948	0.0002187386073642
g1_master_consumo_total_lag_1	3.0492438432057e-05	0.000127919934432143	0.0002916514764856
g2_g2_tarjetas_madelantosdolares_sobreg2_limite_compra_tarjetas_credito_lag_1	3.00872042583533e-05	4.02825111822152e-05	0.0001458257382428
Master_mconsumototal_lag_1	2.96585143951085e-05	0.000249949946442964	0.0004374772147284
mextraccion_autoservicio	2.90660376469277e-05	0.000464990295811126	0.000583302952971199
mtarjeta_visa_consumo_lag_1	2.86288673713839e-05	0.000287730474434352	0.000947867298578199
asg1_transacciones_totales_tc_lag2	2.77854352197507e-05	0.000236750284822077	0.000729128691213999
g1_cant_seguros_totales	2.74452736567532e-05	0.000934007518621392	0.0002916514764856
Master_msaldodolares	2.55498673455381e-05	0.000204907829036775	0.0002916514764856
ctarjeta_debito_transacciones	2.43870803343621e-05	0.000935459635880249	0.000874954429456799
g2_ctrx_quarter_sobre_g1_monto_total_acreditaciones_lag_1	2.40978761494157e-05	0.000347615966738829	0.0002916514764856
mpagomiscuentas_lag_1	2.37994560605046e-05	0.000317192926483564	0.000364564345607
Visa_mpagospesos_lag_1	2.31714843792243e-05	0.000216075970988805	0.000656215822092599
g1_porcentaje_saldo_cta_corriente_lag_1	2.26577456875413e-05	0.000609804384724318	0.0002187386073642
Visa_mpagado_lag_1	2.23320415587409e-05	0.000127776287574262	0.0002187386073642
g1_consumo_promedio_tc_lag_1	2.19913781343641e-05	0.000267914029266302	0.000874954429456799
Master_delinquency_lag_1	2.17084366667626e-05	0.000265038483995344	0.0001458257382428
g1_rentabilidad_mensual	2.15341437254412e-05	0.000235498791666406	0.0001458257382428
mactivos_margen_lag_1	2.14718988859084e-05	0.000204928894567609	0.0004374772147284
g1_porcentaje_saldo_cta_corriente	2.13411479294162e-05	0.000335209372197834	0.0001458257382428
matm	2.03975908720392e-05	0.000535847519070614	0.000656215822092599
cprestamos_personales_lag_1	2.00607825042155e-05	0.000117284048225864	0.0001458257382428
mextraccion_autoservicio_lag_1	1.95015372210885e-05	0.000163011698192638	0.0004374772147284
cproductos_lag_1	1.94468305955204e-05	0.000238837176743413	0.0001458257382428
cpagomiscuentas	1.90875050333339e-05	0.000612197629651219	0.0001458257382428
g1_cantidad_comisiones_totales	1.85616320920067e-05	0.000196102236523858	0.0001458257382428
g1_monto_total_cajeros_automaticos_lag_1	1.7470218844717e-05	0.00024234809854916	0.0004374772147284
mtarjeta_master_consumo_lag_1	1.71164752464846e-05	5.61416459149303e-05	0.0001458257382428
Master_cconsumos_lag_1	1.71102028203847e-05	0.000176106232783456	0.0005103900838498
g1_cantidad_interacciones_con_linea_caja_lag_1	1.66154133782636e-05	6.75376968481795e-05	0.0001458257382428
cextraccion_autoservicio	1.58472505109088e-05	0.000155249351016286	7.29128691213999e-05
g2_g2_tarjetas_madelantosdolares_sobre_g1_transacciones_totales_tcdelta_lag1	1.53295560766622e-05	4.86930748359602e-05	7.29128691213999e-05
cextraccion_autoservicio_lag_1	1.47719507391457e-05	0.000180881086439273	0.000364564345607
g1_visa_abierta_lag_3	1.47276244337425e-05	0.000218895742759078	0.0001458257382428
g1_monto_promedio_operado_cajero_automatico	1.30650565112491e-05	0.000154249440486009	0.0002916514764856
ctransferencias_emitidas_lag_1	1.2734376909175e-05	0.000101517200580614	0.0002916514764856
asg2_mcuentas_saldo_sobre_g1_monto_total_acreditaciones_lag2	1.2686539605685e-05	0.000188187013780878	0.0002916514764856
ccomisiones_otras	1.05325836129124e-05	0.000100889849009953	0.0001458257382428
cseguro_accidentes_personales	1.04480580784472e-05	0.000140104839339118	7.29128691213999e-05
cpagomiscuentas_lag_1	1.02886499561428e-05	0.000506876997322413	0.0001458257382428
matm_lag_1	9.77051790082642e-06	0.0001985422268668	0.0002916514764856
g1_monto_pago_servicios_totales_lag_1	9.64279216963243e-06	0.000263499295875704	0.0002916514764856
catm_trx_lag_1	9.36741900458258e-06	7.03901703472718e-05	0.0002187386073642
g1_cantidad_pagos_servicio_totales	9.11206311141668e-06	0.000306098814825609	7.29128691213999e-05
g1_visa_abierta_lag_2	7.9924703377042e-06	3.01361477877089e-05	7.29128691213999e-05
catm_trx_other_lag_1	7.99222215854138e-06	0.000130586429387582	7.29128691213999e-05
g1_cantidad_pagos_servicio_totales_lag_1	7.9012006257319e-06	6.63678577025045e-05	0.0001458257382428
g1_monto_total_acreditaciones_delta_lag1	7.87331231919417e-06	7.14111464083831e-05	0.0002187386073642
ctransferencias_recibidas_lag_1	7.5452893518809e-06	2.19488787608095e-05	7.29128691213999e-05
ccajas_depositos_lag_1	6.94273862968927e-06	0.000306098814825609	7.29128691213999e-05
g1_transacciones_totales_cajeros_automaticos_lag_1	6.7985111583019e-06	8.92739140596123e-05	0.0002187386073642
g1_porcentaje_saldo_caja_ahorro_lag_1	6.5302019038753e-06	3.76330692755468e-05	7.29128691213999e-05
ccallcenter_transacciones_lag_1	6.22154777480268e-06	0.000104535389588938	7.29128691213999e-05
ccajas_otras_lag_1	5.94333665222767e-06	7.53668518508927e-05	7.29128691213999e-05
asctarjeta_visa_lag2	5.5280840981853e-06	0.000187578922124122	7.29128691213999e-05
g1_master_limite_compra_sobre_sueldo_lag_1	5.3658480336281e-06	0.000143129448318743	0.0002187386073642
Master_msaldodolares_lag_1	5.20449040469223e-06	2.02273233313742e-05	7.29128691213999e-05
g1_monto_promedio_operado_cajero_automatico_lag_1	4.10781314448753e-06	3.48072787821782e-05	7.29128691213999e-05
Visa_msaldodolares_lag_1	3.84302924455958e-06	4.58957729652439e-05	7.29128691213999e-05
mttarjeta_master_debitos_automaticos	3.52456177379257e-06	1.99984112296395e-05	7.29128691213999e-05
g1_cons_prom_master_lag_1	3.33394785903422e-06	4.27174859225783e-05	7.29128691213999e-05
g1_extraccion_cajero_promedio	3.07441171947956e-06	5.12403990741072e-05	0.0001458257382428
g1_monto_debitado_promedio_cuenta_lag_1	2.91547896976272e-06	5.08032391532658e-05	0.0001458257382428
active_quarter_lag_1	2.59091974698416e-06	5.49633805569216e-05	7.29128691213999e-05
g2_g2_tarjetas_madelantosdolares_sobreg2_limite_compra_tarjetas_credito	1.93164662784408e-06	1.87214388128634e-05	7.29128691213999e-05
ctarjeta_master_transacciones_lag_1	1.6088104738728e-06	2.72184714550813e-05	7.29128691213999e-05
g1_acreditaciones_sobre_edad_lag_1	7.23092972528077e-08	3.88081246479046e-05	7.29128691213999e-05
g1_monto_total_plazos_fijos_lag_1	6.18307632635943e-08	1.9297229989006e-05	7.29128691213999e-05
